[gd_scene load_steps=12 format=2]

[ext_resource path="res://dreadsitereuse/room_template/Room.tscn" type="PackedScene" id=1]
[ext_resource path="res://realthing.tres" type="TileSet" id=2]
[ext_resource path="res://raw_sprites/nightsky.png" type="Texture" id=3]
[ext_resource path="res://locations/nitrotasticman/CanvasLayer.gd" type="Script" id=4]
[ext_resource path="res://locations/lecastlevania/YokuBlocks.gd" type="Script" id=5]
[ext_resource path="res://Line2D4.gd" type="Script" id=6]
[ext_resource path="res://locations/nitrotasticman/car_chase.gd" type="Script" id=7]
[ext_resource path="res://raw_sprites/hamptertube.png" type="Texture" id=8]

[sub_resource type="CanvasItemMaterial" id=3]
blend_mode = 1

[sub_resource type="Gradient" id=5]

[sub_resource type="GradientTexture2D" id=4]
gradient = SubResource( 5 )
width = 70
height = 70
fill_from = Vector2( 0, 1 )
fill_to = Vector2( 0, 0.2 )

[node name="A" instance=ExtResource( 1 )]
script = ExtResource( 7 )

[node name="RoomRect" parent="." index="0"]
visible = false
margin_left = -288.0
margin_top = -224.0
margin_bottom = 400.0

[node name="YokuBlocks" type="TileMap" parent="." index="1"]
tile_set = ExtResource( 2 )
cell_size = Vector2( 16, 16 )
collision_layer = 33
format = 1
tile_data = PoolIntArray( 524275, 13, 0, 720891, 13, 0, 917504, 13, 0, 917515, 13, 0 )
script = ExtResource( 5 )
yoku_things = [ PoolVector2Array( 11, 14 ), PoolVector2Array( 0, 14 ), PoolVector2Array( -5, 10 ), PoolVector2Array( -13, 6 ), PoolVector2Array( -13, 7 ) ]

[node name="Polygon2D" type="Polygon2D" parent="." index="2"]
material = SubResource( 3 )
position = Vector2( 272, 64 )
z_index = 1
color = Color( 0.0823529, 0.0470588, 0.254902, 1 )
texture = SubResource( 4 )
polygon = PoolVector2Array( -96, 80, -192, 304, 144, 304, 32, 80 )
uv = PoolVector2Array( 3.8147e-06, 0, 1.52588e-05, 70, 70, 70, 70, 0 )

[node name="Polygon2D2" type="Polygon2D" parent="." index="3"]
material = SubResource( 3 )
position = Vector2( 128, 64 )
z_index = 1
color = Color( 0.0823529, 0.0470588, 0.254902, 1 )
texture = SubResource( 4 )
polygon = PoolVector2Array( -96, 80, -192, 304, 160, 304, 32, 80 )
uv = PoolVector2Array( 3.8147e-06, 0, 1.52588e-05, 70, 70, 70, 70, 0 )

[node name="Polygon2D4" type="Polygon2D" parent="." index="4"]
material = SubResource( 3 )
position = Vector2( -80, -32 )
z_index = 1
color = Color( 0.0823529, 0.0470588, 0.254902, 1 )
texture = SubResource( 4 )
polygon = PoolVector2Array( -96, 80, -208, 400, 208, 400, 48, 80 )
uv = PoolVector2Array( 3.8147e-06, 0, 1.52588e-05, 70, 70, 70, 70, 0 )

[node name="Polygon2D3" type="Polygon2D" parent="." index="5"]
material = SubResource( 3 )
position = Vector2( 416, 64 )
z_index = 1
color = Color( 0.0823529, 0.0470588, 0.254902, 1 )
texture = SubResource( 4 )
polygon = PoolVector2Array( -96, 80, -160, 224, 128, 224, 32, 80 )
uv = PoolVector2Array( 3.8147e-06, 0, 1.52588e-05, 70, 70, 70, 70, 0 )

[node name="TileMap" parent="." index="6"]
z_index = 2
tile_data = PoolIntArray( -851986, 12, 65536, -851985, 12, 65536, -851984, 12, 65536, -851983, 12, 65536, -851982, 12, 65536, -851981, 12, 65536, -851980, 12, 65536, -851979, 12, 65536, -851978, 12, 65536, -851977, 12, 65536, -851976, 12, 65536, -851975, 12, 65536, -851974, 12, 65536, -851973, 12, 65536, -851972, 12, 65536, -851971, 12, 65536, -851970, 12, 65536, -851969, 12, 65536, -917504, 12, 65536, -917503, 12, 65536, -917502, 12, 65536, -917501, 12, 65536, -917500, 12, 65536, -917499, 12, 65536, -917498, 12, 65536, -917497, 12, 65536, -917496, 12, 65536, -917495, 12, 65536, -917494, 12, 65536, -917493, 12, 65536, -917492, 12, 65536, -917491, 12, 65536, -917490, 12, 65536, -917489, 12, 65536, -917488, 12, 65536, -917487, 12, 65536, -917486, 12, 65536, -917485, 12, 65536, -917484, 12, 65536, -917483, 12, 65536, -917482, 12, 65536, -917481, 12, 65536, -917480, 12, 65536, -917479, 12, 65536, -917478, 12, 65536, -917477, 12, 65536, -917476, 12, 65536, -917475, 12, 65536, -786450, 12, 65536, -786449, 12, 65536, -786448, 12, 65536, -786447, 12, 65536, -786446, 12, 65536, -786445, 12, 65536, -786444, 12, 65536, -786443, 12, 65536, -786442, 12, 65536, -786441, 12, 65536, -786440, 12, 65536, -786439, 12, 65536, -786438, 12, 65536, -786437, 12, 65536, -786436, 12, 65536, -786435, 12, 65536, -786434, 12, 65536, -786433, 12, 65536, -851968, 12, 65536, -851967, 12, 65536, -851966, 12, 65536, -851965, 12, 65536, -851964, 12, 65536, -851963, 12, 65536, -851962, 12, 65536, -851961, 12, 65536, -851960, 12, 65536, -851959, 12, 65536, -851958, 12, 65536, -851957, 12, 65536, -851956, 12, 65536, -851955, 12, 65536, -851954, 12, 65536, -851953, 12, 65536, -851952, 12, 65536, -851951, 12, 65536, -851950, 12, 65536, -851949, 12, 65536, -851948, 12, 65536, -851947, 12, 65536, -851946, 12, 65536, -851945, 12, 65536, -851944, 12, 65536, -851943, 12, 65536, -851942, 12, 65536, -851941, 12, 65536, -851940, 12, 65536, -851939, 12, 65536, -720914, 12, 65536, -720913, 12, 65536, -720912, 12, 65536, -720911, 12, 65536, -720910, 12, 65536, -720909, 12, 65536, -720908, 12, 65536, -720907, 12, 65536, -720906, 12, 65536, -720905, 12, 65536, -720904, 12, 65536, -720903, 12, 65536, -720902, 12, 65536, -720901, 12, 65536, -720900, 12, 65536, -720899, 12, 65536, -720898, 12, 65536, -720897, 12, 65536, -786432, 12, 65536, -786431, 12, 65536, -786430, 12, 65536, -786429, 12, 65536, -786428, 12, 65536, -786427, 12, 65536, -786426, 12, 65536, -786425, 12, 65536, -786424, 12, 65536, -786423, 12, 65536, -786422, 12, 65536, -786421, 12, 65536, -786420, 12, 65536, -786419, 12, 65536, -786418, 12, 65536, -786417, 12, 65536, -786416, 12, 65536, -786415, 12, 65536, -786414, 12, 65536, -786413, 12, 65536, -786412, 12, 65536, -786411, 12, 65536, -786410, 12, 65536, -786409, 12, 65536, -786408, 12, 65536, -786407, 12, 65536, -786406, 12, 65536, -786405, 12, 65536, -786404, 12, 65536, -786403, 12, 65536, -655378, 12, 65536, -655377, 12, 65536, -655376, 12, 65536, -655375, 12, 65536, -655374, 12, 65536, -655373, 12, 65536, -655372, 12, 65536, -655371, 12, 65536, -655370, 12, 65536, -655369, 12, 65536, -655368, 12, 65536, -655367, 12, 65536, -655366, 12, 65536, -655365, 12, 65536, -655364, 12, 65536, -655363, 12, 65536, -655362, 12, 65536, -655361, 12, 65536, -720896, 12, 65536, -720895, 12, 65536, -720894, 12, 65536, -720893, 12, 65536, -720892, 12, 65536, -720891, 12, 65536, -720890, 12, 65536, -720889, 12, 65536, -720888, 12, 65536, -720887, 12, 65536, -720886, 12, 65536, -720885, 12, 65536, -720884, 12, 65536, -720883, 12, 65536, -720882, 12, 65536, -720881, 12, 65536, -720880, 12, 65536, -720879, 12, 65536, -720878, 12, 65536, -720877, 12, 65536, -720876, 12, 65536, -720875, 12, 65536, -720874, 12, 65536, -720873, 12, 65536, -720872, 12, 65536, -720871, 12, 65536, -720870, 12, 65536, -720869, 12, 65536, -720868, 12, 65536, -720867, 12, 65536, -589825, 12, 65536, -655360, 12, 65536, -655359, 12, 65536, -655358, 12, 65536, -655357, 12, 65536, -655356, 12, 65536, -655355, 12, 65536, -655354, 12, 65536, -655353, 12, 65536, -655352, 12, 65536, -655351, 12, 65536, -655350, 12, 65536, -655349, 12, 65536, -655348, 12, 65536, -655347, 12, 65536, -655346, 12, 65536, -655345, 12, 65536, -655344, 12, 65536, -655343, 12, 65536, -655342, 12, 65536, -655341, 12, 65536, -655340, 12, 65536, -655339, 12, 65536, -655338, 12, 65536, -655337, 12, 65536, -655336, 12, 65536, -655335, 12, 65536, -655334, 12, 65536, -655333, 12, 65536, -655332, 12, 65536, -655331, 12, 65536, -524289, 12, 65536, -589824, 12, 65536, -589823, 12, 65536, -589822, 12, 65536, -589821, 12, 65536, -589820, 12, 65536, -589819, 12, 65536, -589818, 12, 65536, -589817, 12, 65536, -589816, 12, 65536, -589815, 12, 65536, -589814, 12, 65536, -589813, 12, 65536, -589812, 12, 65536, -589811, 12, 65536, -589810, 12, 65536, -589809, 12, 65536, -589808, 12, 65536, -589807, 12, 65536, -589806, 12, 65536, -589805, 12, 65536, -589804, 12, 65536, -589803, 12, 65536, -589802, 12, 65536, -589801, 12, 65536, -589800, 12, 65536, -589799, 12, 65536, -589798, 12, 65536, -589797, 12, 65536, -589796, 12, 65536, -589795, 12, 65536, -458753, 12, 65536, -524288, 12, 65536, -524287, 12, 65536, -524286, 12, 65536, -524285, 12, 65536, -524284, 12, 65536, -524283, 12, 65536, -524282, 12, 65536, -524281, 12, 65536, -524280, 12, 65536, -524279, 12, 65536, -524278, 12, 65536, -524277, 12, 65536, -524276, 12, 65536, -524275, 12, 65536, -524274, 12, 65536, -524273, 12, 65536, -524272, 12, 65536, -524271, 12, 65536, -524270, 12, 65536, -524269, 12, 65536, -524268, 12, 65536, -524267, 12, 65536, -524266, 12, 65536, -524265, 12, 65536, -524264, 12, 65536, -524263, 12, 65536, -524262, 12, 65536, -524261, 12, 65536, -524260, 12, 65536, -524259, 12, 65536, -393217, 12, 65536, -458752, 12, 65536, -458751, 12, 65536, -458750, 12, 65536, -458749, 12, 65536, -458748, 12, 65536, -458747, 12, 65536, -458746, 12, 65536, -458745, 12, 65536, -458744, 12, 65536, -458743, 12, 65536, -458742, 12, 65536, -458741, 12, 65536, -458740, 12, 65536, -458739, 12, 65536, -458738, 12, 65536, -458737, 12, 65536, -458736, 12, 65536, -458735, 12, 65536, -458734, 12, 65536, -458733, 12, 65536, -458732, 12, 65536, -458731, 12, 65536, -458730, 12, 65536, -458729, 12, 65536, -458728, 12, 65536, -458727, 12, 65536, -458726, 12, 65536, -458725, 12, 65536, -458724, 12, 65536, -458723, 12, 65536, -327681, 12, 65536, -393216, 12, 65536, -393215, 12, 65536, -393214, 12, 65536, -393213, 12, 65536, -393212, 12, 65536, -393211, 12, 65536, -393210, 12, 65536, -393209, 12, 65536, -393208, 12, 65536, -393207, 12, 65536, -393206, 12, 65536, -393205, 12, 65536, -393204, 12, 65536, -393203, 12, 65536, -393202, 12, 65536, -393201, 12, 65536, -393200, 12, 65536, -393199, 12, 65536, -393198, 12, 65536, -393197, 12, 65536, -393196, 12, 65536, -393195, 12, 65536, -393194, 12, 65536, -393193, 12, 65536, -393192, 12, 65536, -393191, 12, 65536, -393190, 12, 65536, -393189, 12, 65536, -393188, 12, 65536, -393187, 12, 65536, -262145, 12, 65536, -327680, 12, 65536, -327679, 12, 65536, -327678, 12, 65536, -327677, 12, 65536, -327676, 12, 65536, -327675, 12, 65536, -327674, 12, 65536, -327673, 12, 65536, -327672, 12, 65536, -327671, 12, 65536, -327670, 12, 65536, -327669, 12, 65536, -327668, 12, 65536, -327667, 12, 65536, -327666, 12, 65536, -327665, 12, 65536, -327664, 12, 65536, -327663, 12, 65536, -327662, 12, 65536, -327661, 12, 65536, -327660, 12, 65536, -327659, 12, 65536, -327658, 12, 65536, -327657, 12, 65536, -327656, 12, 65536, -327655, 12, 65536, -327654, 12, 65536, -327653, 12, 65536, -327652, 12, 65536, -327651, 12, 65536, -196609, 12, 65536, -262144, 12, 65536, -262143, 12, 65536, -262142, 12, 65536, -262141, 12, 65536, -262140, 12, 65536, -262139, 12, 65536, -262138, 12, 65536, -262137, 12, 65536, -262136, 12, 65536, -262135, 12, 65536, -262134, 12, 65536, -262133, 12, 65536, -262132, 12, 65536, -262131, 12, 65536, -262130, 12, 65536, -262129, 12, 65536, -262128, 12, 65536, -262127, 12, 65536, -262126, 12, 65536, -262125, 12, 65536, -262124, 12, 65536, -262123, 12, 65536, -262122, 12, 65536, -262121, 12, 65536, -262120, 12, 65536, -262119, 12, 65536, -262118, 12, 65536, -262117, 12, 65536, -262116, 12, 65536, -262115, 12, 65536, -131073, 12, 65536, -196608, 12, 65536, -196607, 12, 65536, -196606, 12, 65536, -196605, 12, 65536, -196604, 12, 65536, -196603, 12, 65536, -196602, 12, 65536, -196601, 12, 65536, -196600, 12, 65536, -196599, 12, 65536, -196598, 12, 65536, -196597, 12, 65536, -196596, 12, 65536, -196595, 12, 65536, -196594, 12, 65536, -196593, 12, 65536, -196592, 12, 65536, -196591, 12, 65536, -196590, 12, 65536, -196589, 12, 65536, -196588, 12, 65536, -196587, 12, 65536, -196586, 12, 65536, -196585, 12, 65536, -196584, 12, 65536, -196583, 12, 65536, -196582, 12, 65536, -196581, 12, 65536, -196580, 12, 65536, -196579, 12, 65536, -65537, 12, 65536, -131072, 12, 65536, -131071, 12, 65536, -131070, 12, 65536, -131069, 12, 65536, -131068, 12, 65536, -131067, 12, 65536, -131066, 12, 65536, -131065, 12, 65536, -131064, 12, 65536, -131063, 12, 65536, -131062, 12, 65536, -131061, 12, 65536, -131060, 12, 65536, -131059, 12, 65536, -131058, 12, 65536, -131057, 12, 65536, -131056, 12, 65536, -131055, 12, 65536, -131054, 12, 65536, -131053, 12, 65536, -131052, 12, 65536, -131051, 12, 65536, -131050, 12, 65536, -131049, 12, 65536, -131048, 12, 65536, -131047, 12, 65536, -131046, 12, 65536, -131045, 12, 65536, -131044, 12, 65536, -131043, 12, 65536, -1, 12, 65536, -65536, 12, 65536, -65535, 12, 65536, -65534, 12, 65536, -65533, 12, 65536, -65532, 12, 65536, -65531, 12, 65536, -65530, 12, 65536, -65529, 12, 65536, -65528, 12, 65536, -65527, 12, 65536, -65526, 12, 65536, -65525, 12, 65536, -65524, 12, 65536, -65523, 12, 65536, -65522, 12, 65536, -65521, 12, 65536, -65520, 12, 65536, -65519, 12, 65536, -65518, 12, 65536, -65517, 12, 65536, -65516, 12, 65536, -65515, 12, 65536, -65514, 12, 65536, -65513, 12, 65536, -65512, 12, 65536, -65511, 12, 65536, -65510, 12, 65536, -65509, 12, 65536, -65508, 12, 65536, -65507, 12, 65536, 65535, 12, 65536, 0, 12, 65536, 1, 12, 65536, 2, 12, 65536, 3, 12, 65536, 4, 12, 65536, 5, 12, 65536, 6, 12, 65536, 7, 12, 65536, 8, 12, 65536, 9, 12, 65536, 10, 12, 65536, 11, 12, 65536, 12, 12, 65536, 13, 12, 65536, 14, 12, 65536, 15, 12, 65536, 16, 12, 65536, 17, 12, 65536, 18, 12, 65536, 19, 12, 65536, 20, 12, 65536, 21, 12, 65536, 22, 12, 65536, 23, 12, 65536, 24, 12, 65536, 25, 12, 65536, 26, 12, 65536, 27, 12, 65536, 28, 12, 65536, 29, 12, 65536, 131071, 12, 65536, 65536, 12, 65536, 65537, 12, 65536, 65538, 12, 65536, 65539, 12, 65536, 65540, 12, 65536, 65541, 12, 65536, 65542, 12, 65536, 65543, 12, 65536, 65544, 12, 65536, 65545, 12, 65536, 65546, 12, 65536, 65547, 12, 65536, 65548, 12, 65536, 65549, 12, 65536, 65550, 12, 65536, 65551, 12, 65536, 65552, 12, 65536, 65553, 12, 65536, 65554, 12, 65536, 65555, 12, 65536, 65556, 12, 65536, 65557, 12, 65536, 65558, 12, 65536, 65559, 12, 65536, 65560, 12, 65536, 65561, 12, 65536, 65562, 12, 65536, 65563, 12, 65536, 65564, 12, 65536, 65565, 12, 65536, 131095, 12, 65536, 131096, 12, 65536, 131097, 12, 65536, 131098, 12, 65536, 131099, 12, 65536, 131100, 12, 65536, 131101, 12, 65536, 262126, 12, 65536, 262127, 12, 65536, 262128, 12, 65536, 262129, 12, 65536, 262130, 12, 65536, 196631, 12, 65536, 196632, 12, 65536, 196633, 12, 65536, 196634, 12, 65536, 196635, 12, 65536, 196636, 12, 65536, 196637, 12, 65536, 327662, 12, 65536, 327663, 12, 65536, 327664, 12, 65536, 327665, 12, 65536, 327666, 12, 65536, 262167, 12, 65536, 262172, 12, 65536, 262173, 12, 65536, 393198, 12, 65536, 393199, 12, 65536, 393200, 12, 65536, 393201, 12, 65536, 393202, 12, 65536, 327703, 12, 65536, 327708, 12, 65536, 327709, 12, 65536, 458734, 12, 65536, 458735, 12, 65536, 458736, 12, 65536, 458737, 12, 65536, 458738, 12, 65536, 393239, 12, 65536, 393240, 12, 65536, 393241, 12, 65536, 393244, 12, 65536, 393245, 12, 65536, 524270, 12, 65536, 524271, 12, 65536, 524272, 12, 65536, 524273, 12, 65536, 524274, 12, 65536, 589806, 12, 65536, 589807, 12, 65536, 589808, 12, 65536, 589809, 12, 65536, 589810, 12, 65536, 655342, 12, 65536, 655343, 12, 65536, 655344, 12, 65536, 655345, 12, 65536, 655346, 12, 65536, 720878, 12, 65536, 720879, 12, 65536, 720880, 12, 65536, 720881, 12, 65536, 720882, 12, 65536, 786414, 12, 65536, 786415, 12, 65536, 786416, 12, 65536, 786417, 12, 65536, 786418, 12, 65536, 851950, 12, 65536, 851951, 12, 65536, 851952, 12, 65536, 851953, 12, 65536, 851954, 12, 65536, 917486, 12, 65536, 917487, 12, 65536, 917488, 12, 65536, 917489, 12, 65536, 917490, 12, 65536, 983022, 12, 65536, 983023, 12, 65536, 983024, 12, 65536, 983025, 12, 65536, 983026, 12, 65536, 917523, 12, 0, 917524, 12, 0, 917525, 12, 65536, 917526, 12, 65536, 917527, 12, 0, 917528, 12, 0, 917529, 12, 0, 917530, 12, 0, 917531, 12, 0, 917532, 12, 0, 917533, 12, 0, 1048558, 12, 65536, 1048559, 12, 65536, 1048560, 12, 65536, 1048561, 12, 65536, 1048562, 12, 65536, 983059, 12, 65536, 983060, 12, 65536, 983061, 12, 65536, 983062, 12, 65536, 983063, 12, 65536, 983064, 12, 65536, 983065, 12, 65536, 983066, 12, 65536, 983067, 12, 65536, 983068, 12, 65536, 983069, 12, 65536, 1114094, 12, 65536, 1114095, 12, 65536, 1114096, 12, 65536, 1114097, 12, 65536, 1114098, 12, 65536, 1048595, 12, 65536, 1048596, 12, 65536, 1048597, 12, 65536, 1048598, 12, 65536, 1048599, 12, 65536, 1048600, 12, 65536, 1048601, 12, 65536, 1048602, 12, 65536, 1048603, 12, 65536, 1048604, 12, 65536, 1048605, 12, 65536, 1179630, 12, 65536, 1179631, 12, 65536, 1179632, 12, 65536, 1179633, 12, 65536, 1179634, 12, 65536, 1114131, 12, 65536, 1114132, 12, 65536, 1114133, 12, 65536, 1114134, 12, 65536, 1114135, 12, 65536, 1114136, 12, 65536, 1114137, 12, 65536, 1114138, 12, 65536, 1114139, 12, 65536, 1114140, 12, 65536, 1114141, 12, 65536, 1245166, 12, 65536, 1245167, 12, 65536, 1245168, 12, 65536, 1245169, 12, 65536, 1245170, 12, 65536, 1179667, 12, 65536, 1179668, 12, 65536, 1179669, 12, 65536, 1179670, 12, 65536, 1179671, 12, 65536, 1179672, 12, 65536, 1179673, 12, 65536, 1179674, 12, 65536, 1179675, 12, 65536, 1179676, 12, 65536, 1179677, 12, 65536, 1310702, 12, 65536, 1310703, 12, 65536, 1310704, 12, 65536, 1310705, 12, 65536, 1310706, 12, 65536, 1245203, 12, 65536, 1245204, 12, 65536, 1245205, 12, 65536, 1245206, 12, 65536, 1245207, 12, 65536, 1245208, 12, 65536, 1245209, 12, 65536, 1245210, 12, 65536, 1245211, 12, 65536, 1245212, 12, 65536, 1245213, 12, 65536, 1376238, 12, 65536, 1376239, 12, 65536, 1376240, 12, 65536, 1376241, 12, 65536, 1376242, 12, 65536, 1310739, 12, 65536, 1310740, 12, 65536, 1310741, 12, 65536, 1310742, 12, 65536, 1310743, 12, 65536, 1310744, 12, 65536, 1310745, 12, 65536, 1310746, 12, 65536, 1310747, 12, 65536, 1310748, 12, 65536, 1310749, 12, 65536, 1441774, 12, 65536, 1441775, 12, 65536, 1441776, 12, 65536, 1441777, 12, 65536, 1441778, 12, 65536, 1376279, 12, 65536, 1376280, 12, 65536, 1376281, 12, 65536, 1376282, 12, 65536, 1376283, 12, 65536, 1376284, 12, 65536, 1376285, 12, 65536, 1507310, 12, 65536, 1507311, 12, 65536, 1507312, 12, 65536, 1507313, 12, 65536, 1507314, 12, 65536, 1441815, 12, 65536, 1441816, 12, 65536, 1441817, 12, 65536, 1441818, 12, 65536, 1441819, 12, 65536, 1441820, 12, 65536, 1441821, 12, 65536, 1572846, 12, 65536, 1572847, 12, 65536, 1572848, 12, 65536, 1572849, 12, 65536, 1572850, 12, 65536, 1572851, 12, 65536, 1572852, 12, 65536, 1572853, 12, 65536, 1572854, 12, 65536, 1572855, 12, 65536, 1572856, 12, 65536, 1572857, 12, 65536, 1572858, 12, 65536, 1572859, 12, 65536, 1572860, 12, 65536, 1572861, 12, 65536, 1572862, 12, 65536, 1572863, 12, 65536, 1507328, 12, 65536, 1507329, 12, 65536, 1507330, 12, 65536, 1507331, 12, 65536, 1507332, 12, 65536, 1507333, 12, 65536, 1507334, 12, 65536, 1507335, 12, 65536, 1507336, 12, 65536, 1507337, 12, 65536, 1507338, 12, 65536, 1507339, 12, 65536, 1507340, 12, 65536, 1507341, 12, 65536, 1507342, 12, 65536, 1507343, 12, 65536, 1507344, 12, 65536, 1507345, 12, 65536, 1507346, 12, 65536, 1507347, 12, 65536, 1507348, 12, 65536, 1507349, 12, 65536, 1507350, 12, 65536, 1507351, 12, 65536, 1507352, 12, 65536, 1507353, 12, 65536, 1507354, 12, 65536, 1507355, 12, 65536, 1507356, 12, 65536, 1507357, 12, 65536, 1638382, 12, 65536, 1638383, 12, 65536, 1638384, 12, 65536, 1638385, 12, 65536, 1638386, 12, 65536, 1638387, 12, 65536, 1638388, 12, 65536, 1638389, 12, 65536, 1638390, 12, 65536, 1638391, 12, 65536, 1638392, 12, 65536, 1638393, 12, 65536, 1638394, 12, 65536, 1638395, 12, 65536, 1638396, 12, 65536, 1638397, 12, 65536, 1638398, 12, 65536, 1638399, 12, 65536, 1572864, 12, 65536, 1572865, 12, 65536, 1572866, 12, 65536, 1572867, 12, 65536, 1572868, 12, 65536, 1572869, 12, 65536, 1572870, 12, 65536, 1572871, 12, 65536, 1572872, 12, 65536, 1572873, 12, 65536, 1572874, 12, 65536, 1572875, 12, 65536, 1572876, 12, 65536, 1572877, 12, 65536, 1572878, 12, 65536, 1572879, 12, 65536, 1572880, 12, 65536, 1572881, 12, 65536, 1572882, 12, 65536, 1572883, 12, 65536, 1572884, 12, 65536, 1572885, 12, 65536, 1572886, 12, 65536, 1572887, 12, 65536, 1572888, 12, 65536, 1572889, 12, 65536, 1572890, 12, 65536, 1572891, 12, 65536, 1572892, 12, 65536, 1572893, 12, 65536 )

[node name="Node2D" type="Node2D" parent="." index="11"]
position = Vector2( -189.5, 189 )
scale = Vector2( 4.475, 4 )
z_index = -4

[node name="TileMap2" type="TileMap" parent="Node2D" index="0"]
modulate = Color( 0.398438, 0.398438, 0.398438, 1 )
position = Vector2( 42.3464, -47.25 )
scale = Vector2( 0.223464, 0.25 )
tile_set = ExtResource( 2 )
cell_size = Vector2( 16, 16 )
collision_layer = 0
collision_mask = 0
format = 1
tile_data = PoolIntArray( -589842, 12, 65536, -589841, 12, 65536, -589840, 12, 65536, -589839, 12, 65536, -589838, 12, 65536, -589837, 12, 65536, -589836, 12, 65536, -589835, 12, 65536, -589834, 12, 65536, -589833, 12, 65536, -589832, 12, 65536, -589831, 12, 65536, -589830, 12, 65536, -589829, 12, 65536, -589828, 12, 65536, -589827, 12, 65536, -589826, 12, 65536, -589825, 12, 65536, -655360, 12, 65536, -655359, 12, 65536, -655358, 12, 65536, -655357, 12, 65536, -655356, 12, 65536, -655355, 12, 65536, -655354, 12, 65536, -655353, 12, 65536, -655352, 12, 65536, -655351, 12, 65536, -655350, 12, 65536, -655349, 12, 65536, -655348, 12, 65536, -655347, 12, 65536, -655346, 12, 65536, -655345, 12, 65536, -655344, 12, 65536, -655343, 12, 65536, -655342, 12, 65536, -655341, 12, 65536, -655340, 12, 65536, -655339, 12, 65536, -655338, 12, 65536, -655337, 12, 65536, -655336, 12, 65536, -655335, 12, 65536, -655334, 12, 65536, -655333, 12, 65536, -655332, 12, 65536, -655331, 12, 65536, -524306, 12, 65536, -524305, 12, 65536, -524304, 12, 65536, -524303, 12, 65536, -524302, 12, 65536, -524301, 12, 65536, -524300, 12, 65536, -524299, 12, 65536, -524298, 12, 65536, -524297, 12, 65536, -524296, 12, 65536, -524295, 12, 65536, -524294, 12, 65536, -524293, 12, 65536, -524292, 12, 65536, -524291, 12, 65536, -524290, 12, 65536, -524289, 12, 65536, -589824, 12, 65536, -589823, 12, 65536, -589822, 12, 65536, -589821, 12, 65536, -589820, 12, 65536, -589819, 12, 65536, -589818, 12, 65536, -589817, 12, 65536, -589816, 12, 65536, -589815, 12, 65536, -589814, 12, 65536, -589813, 12, 65536, -589812, 12, 65536, -589811, 12, 65536, -589810, 12, 65536, -589809, 12, 65536, -589808, 12, 65536, -589807, 12, 65536, -589806, 12, 65536, -589805, 12, 65536, -589804, 12, 65536, -589803, 12, 65536, -589802, 12, 65536, -589801, 12, 65536, -589800, 12, 65536, -589799, 12, 65536, -589798, 12, 65536, -589797, 12, 65536, -589796, 12, 65536, -589795, 12, 65536, -458770, 12, 65536, -458769, 12, 65536, -458768, 12, 65536, -458767, 12, 65536, -458766, 12, 65536, -458765, 12, 65536, -458764, 12, 65536, -458763, 12, 65536, -458762, 12, 65536, -458761, 12, 65536, -458760, 12, 65536, -458759, 12, 65536, -458758, 12, 65536, -458757, 12, 65536, -458756, 12, 65536, -458755, 12, 65536, -458754, 12, 65536, -458753, 12, 65536, -524288, 12, 65536, -524287, 12, 65536, -524286, 12, 65536, -524285, 12, 65536, -524284, 12, 65536, -524283, 12, 65536, -524282, 12, 65536, -524281, 12, 65536, -524280, 12, 65536, -524279, 12, 65536, -524278, 12, 65536, -524277, 12, 65536, -524276, 12, 65536, -524275, 12, 65536, -524274, 12, 65536, -524273, 12, 65536, -524272, 12, 65536, -524271, 12, 65536, -524270, 12, 65536, -524269, 12, 65536, -524268, 12, 65536, -524267, 12, 65536, -524266, 12, 65536, -524265, 12, 65536, -524264, 12, 65536, -524263, 12, 65536, -524262, 12, 65536, -524261, 12, 65536, -524260, 12, 65536, -524259, 12, 65536, -393234, 12, 65536, -393233, 12, 65536, -393232, 12, 65536, -393231, 12, 65536, -393230, 12, 65536, -393229, 12, 65536, -393228, 12, 65536, -393227, 12, 65536, -393226, 12, 65536, -393225, 12, 65536, -393224, 12, 65536, -393223, 12, 65536, -393222, 12, 65536, -393221, 12, 65536, -393220, 12, 65536, -393219, 12, 65536, -393218, 12, 65536, -393217, 12, 65536, -458752, 12, 65536, -458751, 12, 65536, -458750, 12, 65536, -458749, 12, 65536, -458748, 12, 65536, -458747, 12, 65536, -458746, 12, 65536, -458745, 12, 65536, -458744, 12, 65536, -458743, 12, 65536, -458742, 12, 65536, -458741, 12, 65536, -458740, 12, 65536, -458739, 12, 65536, -458738, 12, 65536, -458737, 12, 65536, -458736, 12, 65536, -458735, 12, 65536, -458734, 12, 65536, -458733, 12, 65536, -458732, 12, 65536, -458731, 12, 65536, -458730, 12, 65536, -458729, 12, 65536, -458728, 12, 65536, -458727, 12, 65536, -458726, 12, 65536, -458725, 12, 65536, -458724, 12, 65536, -458723, 12, 65536, -327698, 12, 65536, -327697, 12, 65536, -327696, 12, 65536, -327695, 12, 65536, -327694, 12, 65536, -327693, 12, 65536, -327692, 12, 65536, -327691, 12, 65536, -327690, 12, 65536, -327689, 12, 65536, -327688, 12, 65536, -327687, 12, 65536, -327686, 12, 65536, -327685, 12, 65536, -327684, 12, 65536, -327683, 12, 65536, -327682, 12, 65536, -327681, 12, 65536, -393216, 12, 65536, -393215, 12, 65536, -393214, 12, 65536, -393213, 12, 65536, -393212, 12, 65536, -393211, 12, 65536, -393210, 12, 65536, -393209, 12, 65536, -393208, 12, 65536, -393207, 12, 65536, -393206, 12, 65536, -393205, 12, 65536, -393204, 12, 65536, -393203, 12, 65536, -393202, 12, 65536, -393201, 12, 65536, -393200, 12, 65536, -393199, 12, 65536, -393198, 12, 65536, -393197, 12, 65536, -393196, 12, 65536, -393195, 12, 65536, -393194, 12, 65536, -393193, 12, 65536, -393192, 12, 65536, -393191, 12, 65536, -393190, 12, 65536, -393189, 12, 65536, -393188, 12, 65536, -393187, 12, 65536, -262162, 12, 65536, -262161, 12, 65536, -262160, 12, 65536, -262159, 12, 65536, -262158, 12, 65536, -262157, 12, 65536, -262156, 12, 65536, -262155, 12, 65536, -262154, 12, 65536, -262153, 12, 65536, -262152, 12, 65536, -262151, 12, 65536, -262150, 12, 65536, -262149, 12, 65536, -262148, 12, 65536, -262147, 12, 65536, -262146, 12, 65536, -262145, 12, 65536, -327680, 12, 65536, -327679, 12, 65536, -327678, 12, 65536, -327677, 12, 65536, -327676, 12, 65536, -327675, 12, 65536, -327674, 12, 65536, -327673, 12, 65536, -327672, 12, 65536, -327671, 12, 65536, -327670, 12, 65536, -327669, 12, 65536, -327668, 12, 65536, -327667, 12, 65536, -327666, 12, 65536, -327665, 12, 65536, -327664, 12, 65536, -327663, 12, 65536, -327662, 12, 65536, -327661, 12, 65536, -327660, 12, 65536, -327659, 12, 65536, -327658, 12, 65536, -327657, 12, 65536, -327656, 12, 65536, -327655, 12, 65536, -327654, 12, 65536, -327653, 12, 65536, -327652, 12, 65536, -327651, 12, 65536, -196626, 12, 65536, -196625, 12, 65536, -196624, 12, 65536, -196623, 12, 65536, -196622, 12, 65536, -196621, 12, 65536, -196620, 12, 65536, -196619, 12, 65536, -196618, 12, 65536, -196617, 12, 65536, -196616, 12, 65536, -196615, 12, 65536, -196614, 12, 65536, -196613, 12, 65536, -196612, 12, 65536, -196611, 12, 65536, -196610, 12, 65536, -196609, 12, 65536, -262144, 12, 65536, -262143, 12, 65536, -262142, 12, 65536, -262141, 12, 65536, -262140, 12, 65536, -262139, 12, 65536, -262138, 12, 65536, -262137, 12, 65536, -262136, 12, 65536, -262135, 12, 65536, -262134, 12, 65536, -262133, 12, 65536, -262132, 12, 65536, -262131, 12, 65536, -262130, 12, 65536, -262129, 12, 65536, -262128, 12, 65536, -262127, 12, 65536, -262126, 12, 65536, -262125, 12, 65536, -262124, 12, 65536, -262123, 12, 65536, -262122, 12, 65536, -262121, 12, 65536, -262120, 12, 65536, -262119, 12, 65536, -262118, 12, 65536, -262117, 12, 65536, -262116, 12, 65536, -262115, 12, 65536, -131090, 12, 65536, -131089, 12, 65536, -131088, 12, 65536, -131087, 12, 65536, -131086, 12, 65536, -131085, 12, 65536, -131084, 12, 65536, -131083, 12, 65536, -131082, 12, 65536, -131081, 12, 65536, -131080, 12, 65536, -131079, 12, 65536, -131078, 12, 65536, -131077, 12, 65536, -131076, 12, 65536, -131075, 12, 65536, -131074, 12, 65536, -131073, 12, 65536, -196608, 12, 65536, -196607, 12, 65536, -196606, 12, 65536, -196605, 12, 65536, -196604, 12, 65536, -196603, 12, 65536, -196602, 12, 65536, -196601, 12, 65536, -196600, 12, 65536, -196599, 12, 65536, -196598, 12, 65536, -196597, 12, 65536, -196596, 12, 65536, -196595, 12, 65536, -196594, 12, 65536, -196593, 12, 65536, -196592, 12, 65536, -196591, 12, 65536, -196590, 12, 65536, -196589, 12, 65536, -196588, 12, 65536, -196587, 12, 65536, -196586, 12, 65536, -196585, 12, 65536, -196584, 12, 65536, -196583, 12, 65536, -196582, 12, 65536, -196581, 12, 65536, -196580, 12, 65536, -196579, 12, 65536, -65554, 12, 65536, -65553, 12, 65536, -65552, 12, 65536, -65551, 12, 65536, -65550, 12, 65536, -65549, 12, 65536, -65548, 12, 65536, -65547, 12, 65536, -65546, 12, 65536, -65545, 12, 65536, -65544, 12, 65536, -65543, 12, 65536, -65542, 12, 65536, -65541, 12, 65536, -65540, 12, 65536, -65539, 12, 65536, -65538, 12, 65536, -65537, 12, 65536, -131072, 12, 65536, -131071, 12, 65536, -131070, 12, 65536, -131069, 12, 65536, -131068, 12, 65536, -131067, 12, 65536, -131066, 12, 65536, -131065, 12, 65536, -131064, 12, 65536, -131063, 12, 65536, -131062, 12, 65536, -131061, 12, 65536, -131060, 12, 65536, -131059, 12, 65536, -131058, 12, 65536, -131057, 12, 65536, -131056, 12, 65536, -131055, 12, 65536, -131054, 12, 65536, -131053, 12, 65536, -131052, 12, 65536, -131051, 12, 65536, -131050, 12, 65536, -131049, 12, 65536, -131048, 12, 65536, -131047, 12, 65536, -131046, 12, 65536, -131045, 12, 65536, -131044, 12, 65536, -131043, 12, 65536, -18, 12, 65536, -17, 12, 65536, -16, 12, 65536, -15, 12, 65536, -14, 12, 65536, -13, 12, 65536, -12, 12, 65536, -11, 12, 65536, -10, 12, 65536, -9, 12, 65536, -8, 12, 65536, -7, 12, 65536, -6, 12, 65536, -5, 12, 65536, -4, 12, 65536, -3, 12, 65536, -2, 12, 65536, -1, 12, 65536, -65536, 12, 65536, -65535, 12, 65536, -65534, 12, 65536, -65533, 12, 65536, -65532, 12, 65536, -65531, 12, 65536, -65530, 12, 65536, -65529, 12, 65536, -65528, 12, 65536, -65527, 12, 65536, -65526, 12, 65536, -65525, 12, 65536, -65524, 12, 65536, -65523, 12, 65536, -65522, 12, 65536, -65521, 12, 65536, -65520, 12, 65536, -65519, 12, 65536, -65518, 12, 65536, -65517, 12, 65536, -65516, 12, 65536, -65515, 12, 65536, -65514, 12, 65536, -65513, 12, 65536, -65512, 12, 65536, -65511, 12, 65536, -65510, 12, 65536, -65509, 12, 65536, -65508, 12, 65536, -65507, 12, 65536, 65518, 12, 65536, 65519, 12, 65536, 65520, 12, 65536, 65521, 12, 65536, 65522, 12, 65536, 65523, 12, 65536, 65524, 12, 65536, 65525, 12, 65536, 65526, 12, 65536, 65527, 12, 65536, 65528, 12, 65536, 65529, 12, 65536, 65530, 12, 65536, 65531, 12, 65536, 65532, 12, 65536, 65533, 12, 65536, 65534, 12, 65536, 65535, 12, 65536, 0, 12, 65536, 1, 12, 65536, 2, 12, 65536, 3, 12, 65536, 4, 12, 65536, 5, 12, 65536, 6, 12, 65536, 7, 12, 65536, 8, 12, 65536, 9, 12, 65536, 10, 12, 65536, 11, 12, 65536, 12, 12, 65536, 13, 12, 65536, 14, 12, 65536, 15, 12, 65536, 16, 12, 65536, 17, 12, 65536, 18, 12, 65536, 19, 12, 65536, 20, 12, 65536, 21, 12, 65536, 22, 12, 65536, 23, 12, 65536, 24, 12, 65536, 25, 12, 65536, 26, 12, 65536, 27, 12, 65536, 28, 12, 65536, 29, 12, 65536, 131054, 12, 65536, 131055, 12, 65536, 131056, 12, 65536, 131057, 12, 65536, 131058, 12, 65536, 131059, 12, 65536, 131060, 12, 65536, 131061, 12, 65536, 131062, 12, 65536, 131063, 12, 65536, 131064, 12, 65536, 131065, 12, 65536, 131066, 12, 65536, 131067, 12, 65536, 131068, 12, 65536, 131069, 12, 65536, 131070, 12, 65536, 131071, 12, 65536, 65536, 12, 65536, 65537, 12, 65536, 65538, 12, 65536, 65539, 12, 65536, 65540, 12, 65536, 65541, 12, 65536, 65542, 12, 65536, 65543, 12, 65536, 65544, 12, 65536, 65545, 12, 65536, 65546, 12, 65536, 65547, 12, 65536, 65548, 12, 65536, 65549, 12, 65536, 65550, 12, 65536, 65551, 12, 65536, 65552, 12, 65536, 65553, 12, 65536, 65554, 12, 65536, 65555, 12, 65536, 65556, 12, 65536, 65557, 12, 65536, 65558, 12, 65536, 65559, 12, 65536, 65560, 12, 65536, 65561, 12, 65536, 65562, 12, 65536, 65563, 12, 65536, 65564, 12, 65536, 65565, 12, 65536, 196590, 12, 65536, 196591, 12, 65536, 196592, 12, 65536, 196593, 12, 65536, 196594, 12, 65536, 196595, 12, 65536, 196596, 12, 65536, 196597, 12, 65536, 196598, 12, 65536, 196599, 12, 65536, 196600, 12, 65536, 196601, 12, 65536, 196602, 12, 65536, 196603, 12, 65536, 196604, 12, 65536, 196605, 12, 65536, 196606, 12, 65536, 196607, 12, 65536, 131072, 12, 65536, 131073, 12, 65536, 131074, 12, 65536, 131075, 12, 65536, 131076, 12, 65536, 131077, 12, 65536, 131078, 12, 65536, 131079, 12, 65536, 131080, 12, 65536, 131081, 12, 65536, 131082, 12, 65536, 131083, 12, 65536, 131084, 12, 65536, 131085, 12, 65536, 131086, 12, 65536, 131087, 12, 65536, 131088, 12, 65536, 131089, 12, 65536, 131090, 12, 65536, 131091, 12, 65536, 131092, 12, 65536, 131093, 12, 65536, 131094, 12, 65536, 131095, 12, 65536, 131096, 12, 65536, 131097, 12, 65536, 131098, 12, 65536, 131099, 12, 65536, 131100, 12, 65536, 131101, 12, 65536, 262126, 12, 65536, 262127, 12, 65536, 262128, 12, 65536, 262129, 12, 65536, 262130, 12, 65536, 262131, 12, 65536, 262132, 12, 65536, 262142, 12, 65536, 262143, 12, 65536, 196608, 12, 65536, 196609, 12, 65536, 196610, 12, 65536, 196611, 12, 65536, 196612, 12, 65536, 196613, 12, 65536, 196614, 12, 65536, 196615, 12, 65536, 196616, 12, 65536, 196617, 12, 65536, 196618, 12, 65536, 196619, 12, 65536, 196620, 12, 65536, 196621, 12, 65536, 196622, 12, 65536, 196623, 12, 65536, 196624, 12, 65536, 196625, 12, 65536, 196626, 12, 65536, 196627, 12, 65536, 196628, 12, 65536, 196629, 12, 65536, 196630, 12, 65536, 196631, 12, 65536, 196632, 12, 65536, 196633, 12, 65536, 196634, 12, 65536, 196635, 12, 65536, 196636, 12, 65536, 196637, 12, 65536, 327662, 12, 65536, 327663, 12, 65536, 327664, 12, 65536, 327665, 12, 65536, 327666, 12, 65536, 327667, 12, 65536, 327668, 12, 65536, 327678, 12, 65536, 327679, 12, 65536, 262144, 12, 65536, 262145, 12, 65536, 262146, 12, 65536, 262147, 12, 65536, 262148, 12, 65536, 262149, 12, 65536, 262150, 12, 65536, 262151, 12, 65536, 262152, 12, 65536, 262153, 12, 65536, 262154, 12, 65536, 262155, 12, 65536, 262156, 12, 65536, 262157, 12, 65536, 262158, 12, 65536, 262159, 12, 65536, 262160, 12, 65536, 262161, 12, 65536, 262162, 12, 65536, 262163, 12, 65536, 262164, 12, 65536, 262165, 12, 65536, 262166, 12, 65536, 262167, 12, 65536, 262168, 12, 65536, 262169, 12, 65536, 262170, 12, 65536, 262171, 12, 65536, 262172, 12, 65536, 262173, 12, 65536, 393198, 12, 65536, 393199, 12, 65536, 393200, 12, 65536, 393201, 12, 65536, 393202, 12, 65536, 393203, 12, 65536, 393204, 12, 65536, 393214, 12, 65536, 393215, 12, 65536, 327680, 12, 65536, 327681, 12, 65536, 327682, 12, 65536, 327683, 12, 65536, 327684, 12, 65536, 327685, 12, 65536, 327686, 12, 65536, 327687, 12, 65536, 327688, 12, 65536, 327689, 12, 65536, 327690, 12, 65536, 327691, 12, 65536, 327692, 12, 65536, 327693, 12, 65536, 327694, 12, 65536, 327695, 12, 65536, 327696, 12, 65536, 327697, 12, 65536, 327698, 12, 65536, 327699, 12, 65536, 327700, 12, 65536, 327701, 12, 65536, 327702, 12, 65536, 327703, 12, 65536, 327704, 12, 65536, 327705, 12, 65536, 327706, 12, 65536, 327707, 12, 65536, 327708, 12, 65536, 327709, 12, 65536, 458734, 12, 65536, 458735, 12, 65536, 458736, 12, 65536, 458737, 12, 65536, 458738, 12, 65536, 458739, 12, 65536, 458740, 12, 65536, 458750, 12, 65536, 458751, 12, 65536, 393216, 12, 65536, 393217, 12, 65536, 393218, 12, 65536, 393219, 12, 65536, 393220, 12, 65536, 393221, 12, 65536, 393222, 12, 65536, 393223, 12, 65536, 393224, 12, 65536, 393225, 12, 65536, 393226, 12, 65536, 393227, 12, 65536, 393228, 12, 65536, 393229, 12, 65536, 393230, 12, 65536, 393231, 12, 65536, 393232, 12, 65536, 393233, 12, 65536, 393234, 12, 65536, 393235, 12, 65536, 393236, 12, 65536, 393237, 12, 65536, 393238, 12, 65536, 393239, 12, 65536, 393240, 12, 65536, 393241, 12, 65536, 393242, 12, 65536, 393243, 12, 65536, 393244, 12, 65536, 393245, 12, 65536, 524270, 12, 65536, 524271, 12, 65536, 524272, 12, 65536, 524273, 12, 65536, 524274, 12, 65536, 524275, 12, 65536, 524276, 12, 65536, 524286, 12, 65536, 524287, 12, 65536, 458752, 12, 65536, 458753, 12, 65536, 458754, 12, 65536, 458755, 12, 65536, 458756, 12, 65536, 458757, 12, 65536, 458758, 12, 65536, 458759, 12, 65536, 458760, 12, 65536, 458761, 12, 65536, 458762, 12, 65536, 458763, 12, 65536, 458764, 12, 65536, 458765, 12, 65536, 458766, 12, 65536, 458767, 12, 65536, 458768, 12, 65536, 458769, 12, 65536, 458770, 12, 65536, 458771, 12, 65536, 458772, 12, 65536, 458773, 12, 65536, 458774, 12, 65536, 458775, 12, 65536, 458776, 12, 65536, 458777, 12, 65536, 458778, 12, 65536, 458779, 12, 65536, 458780, 12, 65536, 458781, 12, 65536, 589806, 12, 65536, 589807, 12, 65536, 589808, 12, 65536, 589809, 12, 65536, 589810, 12, 65536, 589811, 12, 65536, 589812, 12, 65536, 589813, 12, 65536, 589814, 12, 65536, 589815, 12, 65536, 589816, 12, 65536, 589817, 12, 65536, 589818, 12, 65536, 589819, 12, 65536, 589820, 12, 65536, 589821, 12, 65536, 589822, 12, 65536, 589823, 12, 65536, 524288, 12, 65536, 524289, 12, 65536, 524290, 12, 65536, 524291, 12, 65536, 524292, 12, 65536, 524293, 12, 65536, 524294, 12, 65536, 524295, 12, 65536, 524296, 12, 65536, 524297, 12, 65536, 524298, 12, 65536, 524299, 12, 65536, 524300, 12, 65536, 524301, 12, 65536, 524302, 12, 65536, 524303, 12, 65536, 524304, 12, 65536, 524305, 12, 65536, 524306, 12, 65536, 524307, 12, 65536, 524308, 12, 65536, 524309, 12, 65536, 524310, 12, 65536, 524311, 12, 65536, 524312, 12, 65536, 524313, 12, 65536, 524314, 12, 65536, 524315, 12, 65536, 524316, 12, 65536, 524317, 12, 65536, 655342, 12, 65536, 655343, 12, 65536, 655344, 12, 65536, 655345, 12, 65536, 655346, 12, 65536, 655347, 12, 65536, 655348, 12, 65536, 655349, 12, 65536, 655350, 12, 65536, 655351, 12, 65536, 655352, 12, 65536, 655353, 12, 65536, 655354, 12, 65536, 655355, 12, 65536, 655356, 12, 65536, 655357, 12, 65536, 655358, 12, 65536, 655359, 12, 65536, 589824, 12, 65536, 589825, 12, 65536, 589834, 12, 65536, 589843, 12, 65536, 589852, 12, 65536, 589853, 12, 65536, 720878, 12, 65536, 720879, 12, 65536, 720880, 12, 65536, 720881, 12, 65536, 720882, 12, 65536, 720883, 12, 65536, 720884, 12, 65536, 720885, 12, 65536, 720886, 12, 65536, 720887, 12, 65536, 720888, 12, 65536, 720889, 12, 65536, 720890, 12, 65536, 720891, 12, 65536, 720892, 12, 65536, 720893, 12, 65536, 720894, 12, 65536, 720895, 12, 65536, 655360, 12, 65536, 655361, 12, 65536, 655370, 12, 65536, 655379, 12, 65536, 655388, 12, 65536, 655389, 12, 65536, 786414, 12, 65536, 786415, 12, 65536, 786416, 12, 65536, 786417, 12, 65536, 786418, 12, 65536, 786419, 12, 65536, 786420, 12, 65536, 786421, 12, 65536, 786422, 12, 65536, 786423, 12, 65536, 786424, 12, 65536, 786425, 12, 65536, 786426, 12, 65536, 786427, 12, 65536, 786428, 12, 65536, 786429, 12, 65536, 786430, 12, 65536, 786431, 12, 65536, 720896, 12, 65536, 720897, 12, 65536, 720906, 12, 65536, 720915, 12, 65536, 720924, 12, 65536, 720925, 12, 65536, 851950, 12, 65536, 851951, 12, 65536, 851952, 12, 65536, 851953, 12, 65536, 851954, 12, 65536, 851955, 12, 65536, 851956, 12, 65536, 851957, 12, 65536, 851958, 12, 65536, 851959, 12, 65536, 851960, 12, 65536, 851961, 12, 65536, 851962, 12, 65536, 851963, 12, 65536, 851964, 12, 65536, 851965, 12, 65536, 851966, 12, 65536, 851967, 12, 65536, 786432, 12, 65536, 786433, 12, 65536, 786442, 12, 65536, 786451, 12, 65536, 786460, 12, 65536, 786461, 12, 65536, 917486, 12, 65536, 917487, 12, 65536, 917488, 12, 65536, 917489, 12, 65536, 917490, 12, 65536, 917491, 12, 65536, 917492, 12, 65536, 917493, 12, 65536, 917494, 12, 65536, 917495, 12, 65536, 917496, 12, 65536, 917497, 12, 65536, 917498, 12, 65536, 917499, 12, 65536, 917500, 12, 65536, 917501, 12, 65536, 917502, 12, 65536, 917503, 12, 65536, 851968, 12, 65536, 851969, 12, 65536, 851970, 12, 65536, 851971, 12, 65536, 851972, 12, 65536, 851973, 12, 65536, 851974, 12, 65536, 851975, 12, 65536, 851976, 12, 65536, 851977, 12, 65536, 851978, 12, 65536, 851979, 12, 65536, 851980, 12, 65536, 851981, 12, 65536, 851982, 12, 65536, 851983, 12, 65536, 851984, 12, 65536, 851985, 12, 65536, 851986, 12, 65536, 851987, 12, 65536, 851988, 12, 65536, 851989, 12, 65536, 851990, 12, 65536, 851991, 12, 65536, 851992, 12, 65536, 851993, 12, 65536, 851994, 12, 65536, 851995, 12, 65536, 851996, 12, 65536, 851997, 12, 65536, 983022, 12, 65536, 983023, 12, 65536, 983024, 12, 65536, 983025, 12, 65536, 983026, 12, 65536, 983027, 12, 65536, 983028, 12, 65536, 983029, 12, 65536, 983030, 12, 65536, 983031, 12, 65536, 983032, 12, 65536, 983033, 12, 65536, 983034, 12, 65536, 983035, 12, 65536, 983036, 12, 65536, 983037, 12, 65536, 983038, 12, 65536, 983039, 12, 65536, 917504, 12, 65536, 917505, 12, 65536, 917506, 12, 65536, 917507, 12, 65536, 917508, 12, 65536, 917509, 12, 65536, 917510, 12, 65536, 917511, 12, 65536, 917512, 12, 65536, 917513, 12, 65536, 917514, 12, 65536, 917515, 12, 65536, 917516, 12, 65536, 917517, 12, 65536, 917518, 12, 65536, 917519, 12, 65536, 917520, 12, 65536, 917521, 12, 65536, 917522, 12, 65536, 917523, 12, 65536, 917524, 12, 65536, 917525, 12, 65536, 917526, 12, 65536, 917527, 12, 65536, 917528, 12, 65536, 917529, 12, 65536, 917530, 12, 65536, 917531, 12, 65536, 917532, 12, 65536, 917533, 12, 65536, 1048558, 12, 65536, 1048559, 12, 65536, 1048560, 12, 65536, 1048561, 12, 65536, 1048562, 12, 65536, 1048563, 12, 65536, 1048564, 12, 65536, 1048565, 12, 65536, 1048566, 12, 65536, 1048567, 12, 65536, 1048568, 12, 65536, 1048569, 12, 65536, 1048570, 12, 65536, 1048571, 12, 65536, 1048572, 12, 65536, 1048573, 12, 65536, 1048574, 12, 65536, 1048575, 12, 65536, 983040, 12, 65536, 983041, 12, 65536, 983042, 12, 65536, 983043, 12, 65536, 983044, 12, 65536, 983045, 12, 65536, 983046, 12, 65536, 983047, 12, 65536, 983048, 12, 65536, 983049, 12, 65536, 983050, 12, 65536, 983051, 12, 65536, 983052, 12, 65536, 983053, 12, 65536, 983054, 12, 65536, 983055, 12, 65536, 983056, 12, 65536, 983057, 12, 65536, 983058, 12, 65536, 983059, 12, 65536, 983060, 12, 65536, 983061, 12, 65536, 983062, 12, 65536, 983063, 12, 65536, 983064, 12, 65536, 983065, 12, 65536, 983066, 12, 65536, 983067, 12, 65536, 983068, 12, 65536, 983069, 12, 65536, 1114094, 12, 65536, 1114095, 12, 65536, 1114096, 12, 65536, 1114097, 12, 65536, 1114098, 12, 65536, 1114099, 12, 65536, 1114100, 12, 65536, 1114101, 12, 65536, 1114102, 12, 65536, 1114103, 12, 65536, 1114104, 12, 65536, 1114105, 12, 65536, 1114106, 12, 65536, 1114107, 12, 65536, 1114108, 12, 65536, 1114109, 12, 65536, 1114110, 12, 65536, 1114111, 12, 65536, 1048576, 12, 65536, 1048577, 12, 65536, 1048578, 12, 65536, 1048579, 12, 65536, 1048580, 12, 65536, 1048581, 12, 65536, 1048582, 12, 65536, 1048583, 12, 65536, 1048584, 12, 65536, 1048585, 12, 65536, 1048586, 12, 65536, 1048587, 12, 65536, 1048588, 12, 65536, 1048589, 12, 65536, 1048590, 12, 65536, 1048591, 12, 65536, 1048592, 12, 65536, 1048593, 12, 65536, 1048594, 12, 65536, 1048595, 12, 65536, 1048596, 12, 65536, 1048597, 12, 65536, 1048598, 12, 65536, 1048599, 12, 65536, 1048600, 12, 65536, 1048601, 12, 65536, 1048602, 12, 65536, 1048603, 12, 65536, 1048604, 12, 65536, 1048605, 12, 65536, 1179630, 12, 65536, 1179631, 12, 65536, 1179632, 12, 65536, 1179633, 12, 65536, 1179634, 12, 65536, 1179635, 12, 65536, 1179636, 12, 65536, 1179637, 12, 65536, 1179638, 12, 65536, 1179639, 12, 65536, 1179640, 12, 65536, 1179641, 12, 65536, 1179642, 12, 65536, 1179643, 12, 65536, 1179644, 12, 65536, 1179645, 12, 65536, 1179646, 12, 65536, 1179647, 12, 65536, 1114112, 12, 65536, 1114113, 12, 65536, 1114114, 12, 65536, 1114115, 12, 65536, 1114116, 12, 65536, 1114117, 12, 65536, 1114118, 12, 65536, 1114119, 12, 65536, 1114120, 12, 65536, 1114121, 12, 65536, 1114122, 12, 65536, 1114123, 12, 65536, 1114124, 12, 65536, 1114125, 12, 65536, 1114126, 12, 65536, 1114127, 12, 65536, 1114128, 12, 65536, 1114129, 12, 65536, 1114130, 12, 65536, 1114131, 12, 65536, 1114132, 12, 65536, 1114133, 12, 65536, 1114134, 12, 65536, 1114135, 12, 65536, 1114136, 12, 65536, 1114137, 12, 65536, 1114138, 12, 65536, 1114139, 12, 65536, 1114140, 12, 65536, 1114141, 12, 65536, 1245166, 12, 65536, 1245167, 12, 65536, 1245168, 12, 65536, 1245169, 12, 65536, 1245170, 12, 65536, 1245171, 12, 65536, 1245172, 12, 65536, 1245173, 12, 65536, 1245174, 12, 65536, 1245175, 12, 65536, 1245176, 12, 65536, 1245177, 12, 65536, 1245178, 12, 65536, 1245179, 12, 65536, 1245180, 12, 65536, 1245181, 12, 65536, 1245182, 12, 65536, 1245183, 12, 65536, 1179648, 12, 65536, 1179649, 12, 65536, 1179650, 12, 65536, 1179651, 12, 65536, 1179652, 12, 65536, 1179653, 12, 65536, 1179654, 12, 65536, 1179655, 12, 65536, 1179656, 12, 65536, 1179657, 12, 65536, 1179658, 12, 65536, 1179659, 12, 65536, 1179660, 12, 65536, 1179661, 12, 65536, 1179662, 12, 65536, 1179663, 12, 65536, 1179664, 12, 65536, 1179665, 12, 65536, 1179666, 12, 65536, 1179667, 12, 65536, 1179668, 12, 65536, 1179669, 12, 65536, 1179670, 12, 65536, 1179671, 12, 65536, 1179672, 12, 65536, 1179673, 12, 65536, 1179674, 12, 65536, 1179675, 12, 65536, 1179676, 12, 65536, 1179677, 12, 65536, 1310702, 12, 65536, 1310703, 12, 65536, 1310704, 12, 65536, 1310705, 12, 65536, 1310706, 12, 65536, 1310707, 12, 65536, 1310708, 12, 65536, 1310709, 12, 65536, 1310710, 12, 65536, 1310711, 12, 65536, 1310712, 12, 65536, 1310713, 12, 65536, 1310714, 12, 65536, 1310715, 12, 65536, 1310716, 12, 65536, 1310717, 12, 65536, 1310718, 12, 65536, 1310719, 12, 65536, 1245184, 12, 65536, 1245185, 12, 65536, 1245186, 12, 65536, 1245187, 12, 65536, 1245188, 12, 65536, 1245189, 12, 65536, 1245190, 12, 65536, 1245191, 12, 65536, 1245192, 12, 65536, 1245193, 12, 65536, 1245194, 12, 65536, 1245195, 12, 65536, 1245196, 12, 65536, 1245197, 12, 65536, 1245198, 12, 65536, 1245199, 12, 65536, 1245200, 12, 65536, 1245201, 12, 65536, 1245202, 12, 65536, 1245203, 12, 65536, 1245204, 12, 65536, 1245205, 12, 65536, 1245206, 12, 65536, 1245207, 12, 65536, 1245208, 12, 65536, 1245209, 12, 65536, 1245210, 12, 65536, 1245211, 12, 65536, 1245212, 12, 65536, 1245213, 12, 65536, 1376238, 12, 65536, 1376239, 12, 65536, 1376240, 12, 65536, 1376241, 12, 65536, 1376242, 12, 65536, 1376243, 12, 65536, 1376244, 12, 65536, 1376245, 12, 65536, 1376246, 12, 65536, 1376247, 12, 65536, 1376248, 12, 65536, 1376249, 12, 65536, 1376250, 12, 65536, 1376251, 12, 65536, 1376252, 12, 65536, 1376253, 12, 65536, 1376254, 12, 65536, 1376255, 12, 65536, 1310720, 12, 65536, 1310721, 12, 65536, 1310722, 12, 65536, 1310723, 12, 65536, 1310724, 12, 65536, 1310725, 12, 65536, 1310726, 12, 65536, 1310727, 12, 65536, 1310728, 12, 65536, 1310729, 12, 65536, 1310730, 12, 65536, 1310731, 12, 65536, 1310732, 12, 65536, 1310733, 12, 65536, 1310734, 12, 65536, 1310735, 12, 65536, 1310736, 12, 65536, 1310737, 12, 65536, 1310738, 12, 65536, 1310739, 12, 65536, 1310740, 12, 65536, 1310741, 12, 65536, 1310742, 12, 65536, 1310743, 12, 65536, 1310744, 12, 65536, 1310745, 12, 65536, 1310746, 12, 65536, 1310747, 12, 65536, 1310748, 12, 65536, 1310749, 12, 65536, 1441774, 12, 65536, 1441775, 12, 65536, 1441776, 12, 65536, 1441777, 12, 65536, 1441778, 12, 65536, 1441779, 12, 65536, 1441780, 12, 65536, 1441781, 12, 65536, 1441782, 12, 65536, 1441783, 12, 65536, 1441784, 12, 65536, 1441785, 12, 65536, 1441786, 12, 65536, 1441787, 12, 65536, 1441788, 12, 65536, 1441789, 12, 65536, 1441790, 12, 65536, 1441791, 12, 65536, 1376256, 12, 65536, 1376257, 12, 65536, 1376258, 12, 65536, 1376259, 12, 65536, 1376260, 12, 65536, 1376261, 12, 65536, 1376262, 12, 65536, 1376263, 12, 65536, 1376264, 12, 65536, 1376265, 12, 65536, 1376266, 12, 65536, 1376267, 12, 65536, 1376268, 12, 65536, 1376269, 12, 65536, 1376270, 12, 65536, 1376271, 12, 65536, 1376272, 12, 65536, 1376273, 12, 65536, 1376274, 12, 65536, 1376275, 12, 65536, 1376276, 12, 65536, 1376277, 12, 65536, 1376278, 12, 65536, 1376279, 12, 65536, 1376280, 12, 65536, 1376281, 12, 65536, 1376282, 12, 65536, 1376283, 12, 65536, 1376284, 12, 65536, 1376285, 12, 65536, 1507310, 12, 65536, 1507311, 12, 65536, 1507312, 12, 65536, 1507313, 12, 65536, 1507314, 12, 65536, 1507315, 12, 65536, 1507316, 12, 65536, 1507317, 12, 65536, 1507318, 12, 65536, 1507319, 12, 65536, 1507320, 12, 65536, 1507321, 12, 65536, 1507322, 12, 65536, 1507323, 12, 65536, 1507324, 12, 65536, 1507325, 12, 65536, 1507326, 12, 65536, 1507327, 12, 65536, 1441792, 12, 65536, 1441793, 12, 65536, 1441794, 12, 65536, 1441795, 12, 65536, 1441796, 12, 65536, 1441797, 12, 65536, 1441798, 12, 65536, 1441799, 12, 65536, 1441800, 12, 65536, 1441801, 12, 65536, 1441802, 12, 65536, 1441803, 12, 65536, 1441804, 12, 65536, 1441805, 12, 65536, 1441806, 12, 65536, 1441807, 12, 65536, 1441808, 12, 65536, 1441809, 12, 65536, 1441810, 12, 65536, 1441811, 12, 65536, 1441812, 12, 65536, 1441813, 12, 65536, 1441814, 12, 65536, 1441815, 12, 65536, 1441816, 12, 65536, 1441817, 12, 65536, 1441818, 12, 65536, 1441819, 12, 65536, 1441820, 12, 65536, 1441821, 12, 65536 )

[node name="Pipe" type="Line2D" parent="." index="12"]
z_index = 2
points = PoolVector2Array( 400, 80, 352, 80, 352, 352, 320, 352 )
width = 32.0
default_color = Color( 1, 1, 1, 1 )
texture = ExtResource( 8 )
texture_mode = 1
begin_cap_mode = 1
end_cap_mode = 1
script = ExtResource( 6 )
extra_speed = 1

[node name="CanvasLayer2" type="CanvasLayer" parent="." index="13"]
layer = -5
script = ExtResource( 4 )

[node name="Nightsky" type="Sprite" parent="CanvasLayer2" index="0"]
position = Vector2( 0, 48 )
scale = Vector2( 4, 4 )
texture = ExtResource( 3 )
centered = false

[node name="ColorRect" type="ColorRect" parent="CanvasLayer2" index="1"]
margin_right = 480.0
margin_bottom = 48.0
color = Color( 0.0627451, 0.0588235, 0.141176, 1 )
