[gd_scene load_steps=2 format=2]

[ext_resource path="res://dreadsitereuse/room_template/Room.tscn" type="PackedScene" id=1]

[node name="A" instance=ExtResource( 1 )]

[node name="RoomRect" parent="." index="0"]
margin_right = 2208.0
margin_bottom = 976.0

[node name="TileMap" parent="." index="1"]
tile_data = PoolIntArray( 852029, 536870917, 1, 852030, 536870917, 1, 852031, 536870917, 1, 852032, 536870917, 1, 852033, 536870917, 1, 852034, 536870917, 1, 852035, 536870917, 1, 852036, 536870917, 1, 852037, 536870922, 0, 852038, 536870922, 0, 852039, 536870922, 0, 852040, 536870922, 0, 852041, 536870922, 0, 852042, 536870922, 0, 852043, 536870922, 0, 852044, 536870922, 0, 852045, 536870922, 0, 852046, 536870922, 0, 852047, 536870922, 0, 852048, 536870922, 0, 852049, 536870922, 0, 852050, 536870922, 0, 852051, 536870922, 0, 852052, 536870922, 0, 852053, 536870922, 0, 852054, 536870922, 0, 852055, 536870922, 0, 852056, 536870922, 0, 852057, 536870922, 0, 852058, 536870922, 0, 852059, 536870922, 0, 852060, 536870922, 0, 852061, 536870922, 0, 852062, 536870922, 0, 852063, 536870922, 0, 852064, 536870922, 0, 852065, 536870922, 0, 852066, 536870922, 0, 852067, 536870922, 0, 852068, 536870922, 0, 852069, 536870922, 0, 852070, 536870922, 0, 852071, 536870922, 0, 852072, 536870922, 0, 852073, 536870922, 0, 852074, 536870922, 0, 852075, 536870920, 0, 852076, 536870920, 0, 852077, 536870920, 0, 852078, 536870920, 0, 852079, 536870920, 0, 852080, 536870920, 0, 852081, 536870920, 0, 852082, 536870920, 0, 852083, 536870920, 0, 852084, 536870920, 0, 852085, 536870920, 0, 852086, 536870920, 0, 852087, 536870920, 0, 852088, 536870920, 0, 852089, 536870920, 0, 852090, 536870920, 0, 852091, 536870920, 0, 852092, 536870920, 0, 852093, 536870922, 0, 852094, 536870922, 0, 852095, 536870922, 0, 852096, 536870922, 0, 852097, 536870922, 0, 852098, 536870922, 0, 852099, 536870922, 0, 852100, 536870922, 0, 852101, 536870922, 0, 852102, 536870922, 0, 852103, 536870922, 0, 917565, 536870917, 65536, 917566, 536870917, 65536, 917567, 536870917, 65536, 917568, 536870917, 65536, 917569, 536870917, 65536, 917570, 536870917, 65536, 917571, 536870917, 65536, 917572, 536870917, 65536, 917573, 536870922, 0, 917574, 536870922, 0, 917575, 536870922, 0, 917576, 536870922, 0, 917577, 536870922, 0, 917578, 536870922, 0, 917579, 536870922, 0, 917580, 536870922, 0, 917581, 536870922, 0, 917582, 536870922, 0, 917583, 536870922, 0, 917584, 536870922, 0, 917585, 536870922, 0, 917586, 536870922, 0, 917587, 536870922, 0, 917588, 536870922, 0, 917589, 536870922, 0, 917590, 536870922, 0, 917591, 536870922, 0, 917592, 536870922, 0, 917593, 536870922, 0, 917594, 536870922, 0, 917595, 536870922, 0, 917596, 536870922, 0, 917597, 536870922, 0, 917598, 536870922, 0, 917599, 536870922, 0, 917600, 536870922, 0, 917601, 536870922, 0, 917602, 536870922, 0, 917603, 536870922, 0, 917604, 536870922, 0, 917605, 536870922, 0, 917606, 536870922, 0, 917607, 536870922, 0, 917608, 536870922, 0, 917609, 536870922, 0, 917610, 536870922, 0, 917611, 536870920, 0, 917612, 536870920, 0, 917613, 536870920, 0, 917614, 536870920, 0, 917615, 536870920, 0, 917616, 536870920, 0, 917617, 536870920, 0, 917618, 536870920, 0, 917619, 536870920, 0, 917620, 536870920, 0, 917621, 536870920, 0, 917622, 536870920, 0, 917623, 536870920, 0, 917624, 536870920, 0, 917625, 536870920, 0, 917626, 536870920, 0, 917627, 536870920, 0, 917628, 536870920, 0, 917629, 536870922, 0, 917630, 536870922, 0, 917631, 536870922, 0, 917632, 536870922, 0, 917633, 536870922, 0, 917634, 536870922, 0, 917635, 536870922, 0, 917636, 536870922, 0, 917637, 536870922, 0, 917638, 536870922, 0, 917639, 536870922, 0, 983040, 10, 0, 983041, 10, 0, 983042, 10, 0, 983043, 10, 0, 983044, 10, 0, 983045, 10, 0, 983046, 10, 0, 983047, 10, 0, 983048, 10, 0, 983049, 10, 0, 983050, 10, 0, 983051, 10, 0, 983052, 10, 0, 983053, 10, 0, 983054, 10, 0, 983055, 10, 0, 983056, 10, 0, 983057, 10, 0, 983058, 10, 0, 983059, 10, 0, 983060, 10, 0, 983061, 10, 0, 983062, 10, 0, 983063, 10, 0, 983064, 10, 0, 983065, 10, 0, 983066, 10, 0, 983067, 10, 0, 983068, 10, 0, 983069, 10, 0, 983070, 10, 0, 983071, 10, 0, 983072, 10, 0, 983073, 10, 0, 983074, 10, 0, 983075, 10, 0, 983076, 10, 0, 983077, 10, 0, 983078, 10, 0, 983079, 10, 0, 983080, 10, 0, 983081, 10, 0, 983082, 10, 0, 983083, 10, 0, 983084, 10, 0, 983085, 10, 0, 983086, 10, 0, 983087, 10, 0, 983088, 10, 0, 983089, 10, 0, 983090, 10, 0, 983091, 10, 0, 983092, 10, 0, 983093, 10, 0, 983094, 10, 0, 983095, 10, 0, 983096, 10, 0, 983097, 10, 0, 983098, 10, 0, 983099, 10, 0, 983100, 10, 0, 983101, 536870917, 65536, 983102, 536870917, 65536, 983103, 536870917, 65536, 983104, 536870917, 65536, 983105, 536870917, 65536, 983106, 536870917, 65536, 983107, 536870917, 65536, 983108, 536870917, 65536, 1048576, 10, 0, 1048577, 10, 0, 1048578, 10, 0, 1048579, 10, 0, 1048580, 10, 0, 1048581, 10, 0, 1048582, 10, 0, 1048583, 10, 0, 1048584, 10, 0, 1048585, 10, 0, 1048586, 10, 0, 1048587, 10, 0, 1048588, 10, 0, 1048589, 10, 0, 1048590, 10, 0, 1048591, 10, 0, 1048592, 10, 0, 1048593, 10, 0, 1048594, 10, 0, 1048595, 10, 0, 1048596, 10, 0, 1048597, 10, 0, 1048598, 10, 0, 1048599, 10, 0, 1048600, 10, 0, 1048601, 10, 0, 1048602, 10, 0, 1048603, 10, 0, 1048604, 10, 0, 1048605, 10, 0, 1048606, 10, 0, 1048607, 10, 0, 1048608, 10, 0, 1048609, 10, 0, 1048610, 10, 0, 1048611, 10, 0, 1048612, 10, 0, 1048613, 10, 0, 1048614, 10, 0, 1048615, 10, 0, 1048616, 10, 0, 1048617, 10, 0, 1048618, 10, 0, 1048619, 10, 0, 1048620, 10, 0, 1048621, 10, 0, 1048622, 10, 0, 1048623, 10, 0, 1048624, 10, 0, 1048625, 10, 0, 1048626, 10, 0, 1048627, 10, 0, 1048628, 10, 0, 1048629, 10, 0, 1048630, 10, 0, 1048631, 10, 0, 1048632, 10, 0, 1048633, 10, 0, 1048634, 10, 0, 1048635, 10, 0, 1048636, 10, 0, 1048637, 536870917, 65536, 1048638, 536870917, 65536, 1048639, 536870917, 65536, 1048640, 536870917, 65536, 1048641, 536870917, 65536, 1048642, 536870917, 65536, 1048643, 536870917, 65536, 1048644, 536870917, 65536, 1114112, 536870916, 1, 1114113, 536870916, 1, 1114114, 536870916, 1, 1114115, 536870916, 1, 1114116, 536870916, 1, 1114117, 536870916, 1, 1114118, 536870916, 1, 1114119, 536870916, 1, 1114120, 536870916, 1, 1114121, 536870916, 1, 1114122, 536870916, 1, 1114123, 536870916, 1, 1114124, 536870916, 1, 1114125, 536870916, 1, 1114126, 536870916, 1, 1114127, 536870916, 1, 1114128, 536870916, 1, 1114129, 536870916, 1, 1114130, 536870916, 1, 1179648, 536870916, 1, 1179649, 536870916, 1, 1179650, 536870916, 1, 1179651, 536870916, 1, 1179652, 536870916, 1, 1179653, 536870916, 1, 1179654, 536870916, 1, 1179655, 536870916, 1, 1179656, 536870916, 1, 1179657, 536870916, 1, 1179658, 536870916, 1, 1179659, 536870916, 1, 1179660, 536870916, 1, 1179661, 536870916, 1, 1179662, 536870916, 1, 1179663, 536870916, 1, 1179664, 536870916, 1, 1179665, 536870916, 1, 1179666, 536870916, 1, 1245184, 536870916, 1, 1245185, 536870916, 1, 1245186, 536870916, 1, 1245187, 536870916, 1, 1245188, 536870916, 1, 1245189, 536870916, 1, 1245190, 536870916, 1, 1245191, 536870916, 1, 1245192, 536870916, 1, 1245193, 536870916, 1, 1245194, 536870916, 1, 1245195, 536870916, 1, 1245196, 536870916, 1, 1245197, 536870916, 1, 1245198, 536870916, 1, 1245199, 536870916, 1, 1245200, 536870916, 1, 1245201, 536870916, 1, 1245202, 536870916, 1, 1310720, 536870916, 1, 1310721, 536870916, 1, 1310722, 536870916, 1, 1310723, 536870916, 1, 1310724, 536870916, 1, 1310725, 536870916, 1, 1310726, 536870916, 1, 1310727, 536870916, 1, 1310728, 536870916, 1, 1310729, 536870916, 1, 1310730, 536870916, 1, 1310731, 536870916, 1, 1310732, 536870916, 1, 1310733, 536870916, 1, 1310734, 536870916, 1, 1310735, 536870916, 1, 1310736, 536870916, 1, 1310737, 536870916, 1, 1310738, 536870916, 1, 1376256, 536870916, 1, 1376257, 536870916, 1, 1376258, 536870916, 1, 1376259, 536870916, 1, 1376260, 536870916, 1, 1376261, 536870916, 1, 1376262, 536870916, 1, 1376263, 536870916, 1, 1376264, 536870916, 1, 1376265, 536870916, 1, 1376266, 536870916, 1, 1376267, 536870916, 1, 1376268, 536870916, 1, 1376269, 536870916, 1, 1376270, 536870916, 1, 1376271, 536870916, 1, 1376272, 536870916, 1, 1376273, 536870916, 1, 1376274, 536870916, 1, 1441792, 536870916, 1, 1441793, 536870916, 1, 1441794, 536870916, 1, 1441795, 536870916, 1, 1441796, 536870916, 1, 1441797, 536870916, 1, 1441798, 536870916, 1, 1441799, 536870916, 1, 1441800, 536870916, 1, 1441801, 536870916, 1, 1441802, 536870916, 1, 1441803, 536870916, 1, 1441804, 536870916, 1, 1441805, 536870916, 1, 1441806, 536870916, 1, 1441807, 536870916, 1, 1441808, 536870916, 1, 1441809, 536870916, 1, 1441810, 536870916, 1, 1507328, 536870916, 1, 1507329, 536870916, 1, 1507330, 536870916, 1, 1507331, 536870916, 1, 1507332, 536870916, 1, 1507333, 536870916, 1, 1507334, 536870916, 1, 1507335, 536870916, 1, 1507336, 536870916, 1, 1507337, 536870916, 1, 1507338, 536870916, 1, 1507339, 536870916, 1, 1507340, 536870916, 1, 1507341, 536870916, 1, 1507342, 536870916, 1, 1507343, 536870916, 1, 1507344, 536870916, 1, 1507345, 536870916, 1, 1507346, 536870916, 1, 1572864, 536870916, 1, 1572865, 536870916, 1, 1572866, 536870916, 1, 1572867, 536870916, 1, 1572868, 536870916, 1, 1572869, 536870916, 1, 1572870, 536870916, 1, 1572871, 536870916, 1, 1572872, 536870916, 1, 1572873, 536870916, 1, 1572874, 536870916, 1, 1572875, 536870916, 1, 1572876, 536870916, 1, 1572877, 536870916, 1, 1572878, 536870916, 1, 1572879, 536870916, 1, 1572880, 536870916, 1, 1572881, 536870916, 1, 1572882, 536870916, 1, 1638400, 536870916, 1, 1638401, 536870916, 1, 1638402, 536870916, 1, 1638403, 536870916, 1, 1638404, 536870916, 1, 1638405, 536870916, 1, 1638406, 536870916, 1, 1638407, 536870916, 1, 1638408, 536870916, 1, 1638409, 536870916, 1, 1638410, 536870916, 1, 1638411, 536870916, 1, 1638412, 536870916, 1, 1638413, 536870916, 1, 1638414, 536870916, 1, 1638415, 536870916, 1, 1638416, 536870916, 1, 1638417, 536870916, 1, 1638418, 536870916, 1, 1703936, 536870916, 1, 1703937, 536870916, 1, 1703938, 536870916, 1, 1703939, 536870916, 1, 1703940, 536870916, 1, 1703941, 536870916, 1, 1703942, 536870916, 1, 1703943, 536870916, 1, 1703944, 536870916, 1, 1703945, 536870916, 1, 1703946, 536870916, 1, 1703947, 536870916, 1, 1703948, 536870916, 1, 1703949, 536870916, 1, 1703950, 536870916, 1, 1703951, 536870916, 1, 1703952, 536870916, 1, 1703953, 536870916, 1, 1703954, 536870916, 1, 1769472, 536870916, 1, 1769473, 536870916, 1, 1769474, 536870916, 1, 1769475, 536870916, 1, 1769476, 536870916, 1, 1769477, 536870916, 1, 1769478, 536870916, 1, 1769479, 536870916, 1, 1769480, 536870916, 1, 1769481, 536870916, 1, 1769482, 536870916, 1, 1769483, 536870916, 1, 1769484, 536870916, 1, 1769485, 536870916, 1, 1769486, 536870916, 1, 1769487, 536870916, 1, 1769488, 536870916, 1, 1769489, 536870916, 1, 1769490, 536870916, 1, 1835008, 536870916, 1, 1835009, 536870916, 1, 1835010, 536870916, 1, 1835011, 536870916, 1, 1835012, 536870916, 1, 1835013, 536870916, 1, 1835014, 536870916, 1, 1835015, 536870916, 1, 1835016, 536870916, 1, 1835017, 536870916, 1, 1835018, 536870916, 1, 1835019, 536870916, 1, 1835020, 536870916, 1, 1835021, 536870916, 1, 1835022, 536870916, 1, 1835023, 536870916, 1, 1835024, 536870916, 1, 1835025, 536870916, 1, 1835026, 536870916, 1, 1900544, 536870916, 1, 1900545, 536870916, 1, 1900546, 536870916, 1, 1900547, 536870916, 1, 1900548, 536870916, 1, 1900549, 536870916, 1, 1900550, 536870916, 1, 1900551, 536870916, 1, 1900552, 536870916, 1, 1900553, 536870916, 1, 1900554, 536870916, 1, 1900555, 536870916, 1, 1900556, 536870916, 1, 1900557, 536870916, 1, 1900558, 536870916, 1, 1900559, 536870916, 1, 1900560, 536870916, 1, 1900561, 536870916, 1, 1900562, 536870916, 1, 1966080, 536870916, 1, 1966081, 536870916, 1, 1966082, 536870916, 1, 1966083, 536870916, 1, 1966084, 536870916, 1, 1966085, 536870916, 1, 1966086, 536870916, 1, 1966087, 536870916, 1, 1966088, 536870916, 1, 1966089, 536870916, 1, 1966090, 536870916, 1, 1966091, 536870916, 1, 1966092, 536870916, 1, 1966093, 536870916, 1, 1966094, 536870916, 1, 1966095, 536870916, 1, 1966096, 536870916, 1, 1966097, 536870916, 1, 1966098, 536870916, 1, 2031616, 536870916, 1, 2031617, 536870916, 1, 2031618, 536870916, 1, 2031619, 536870916, 1, 2031620, 536870916, 1, 2031621, 536870916, 1, 2031622, 536870916, 1, 2031623, 536870916, 1, 2031624, 536870916, 1, 2031625, 536870916, 1, 2031626, 536870916, 1, 2031627, 536870916, 1, 2031628, 536870916, 1, 2031629, 536870916, 1, 2031630, 536870916, 1, 2031631, 536870916, 1, 2031632, 536870916, 1, 2031633, 536870916, 1, 2031634, 536870916, 1, 2097152, 536870916, 1, 2097153, 536870916, 1, 2097154, 536870916, 1, 2097155, 536870916, 1, 2097156, 536870916, 1, 2097157, 536870916, 1, 2097158, 536870916, 1, 2097159, 536870916, 1, 2097160, 536870916, 1, 2097161, 536870916, 1, 2097162, 536870916, 1, 2097163, 536870916, 1, 2097164, 536870916, 1, 2097165, 536870916, 1, 2097166, 536870916, 1, 2097167, 536870916, 1, 2097168, 536870916, 1, 2097169, 536870916, 1, 2097170, 536870916, 1, 2162688, 536870916, 1, 2162689, 536870916, 1, 2162690, 536870916, 1, 2162691, 536870916, 1, 2162692, 536870916, 1, 2162693, 536870916, 1, 2162694, 536870916, 1, 2162695, 536870916, 1, 2162696, 536870916, 1, 2162697, 536870916, 1, 2162698, 536870916, 1, 2162699, 536870916, 1, 2162700, 536870916, 1, 2162701, 536870916, 1, 2162702, 536870916, 1, 2162703, 536870916, 1, 2162704, 536870916, 1, 2162705, 536870916, 1, 2162706, 536870916, 1, 2228224, 536870916, 1, 2228225, 536870916, 1, 2228226, 536870916, 1, 2228227, 536870916, 1, 2228228, 536870916, 1, 2228229, 536870916, 1, 2228230, 536870916, 1, 2228231, 536870916, 1, 2228232, 536870916, 1, 2228233, 536870916, 1, 2228234, 536870916, 1, 2228235, 536870916, 1, 2228236, 536870916, 1, 2228237, 536870916, 1, 2228238, 536870916, 1, 2228239, 536870916, 1, 2228240, 536870916, 1, 2228241, 536870916, 1, 2228242, 536870916, 1, 2293760, 536870916, 1, 2293761, 536870916, 1, 2293762, 536870916, 1, 2293763, 536870916, 1, 2293764, 536870916, 1, 2293765, 536870916, 1, 2293766, 536870916, 1, 2293767, 536870916, 1, 2293768, 536870916, 1, 2293769, 536870916, 1, 2293770, 536870916, 1, 2293771, 536870916, 1, 2293772, 536870916, 1, 2293773, 536870916, 1, 2293774, 536870916, 1, 2293775, 536870916, 1, 2293776, 536870916, 1, 2293777, 536870916, 1, 2293778, 536870916, 1, 2359296, 536870916, 1, 2359297, 536870916, 1, 2359298, 536870916, 1, 2359299, 536870916, 1, 2359300, 536870916, 1, 2359301, 536870916, 1, 2359302, 536870916, 1, 2359303, 536870916, 1, 2359304, 536870916, 1, 2359305, 536870916, 1, 2359306, 536870916, 1, 2359307, 536870916, 1, 2359308, 536870916, 1, 2359309, 536870916, 1, 2359310, 536870916, 1, 2359311, 536870916, 1, 2359312, 536870916, 1, 2359313, 536870916, 1, 2359314, 536870916, 1, 2424832, 536870916, 1, 2424833, 536870916, 1, 2424834, 536870916, 1, 2424835, 536870916, 1, 2424836, 536870916, 1, 2424837, 536870916, 1, 2424838, 536870916, 1, 2424839, 536870916, 1, 2424840, 536870916, 1, 2424841, 536870916, 1, 2424842, 536870916, 1, 2424843, 536870916, 1, 2424844, 536870916, 1, 2424845, 536870916, 1, 2424846, 536870916, 1, 2424847, 536870916, 1, 2424848, 536870916, 1, 2424849, 536870916, 1, 2424850, 536870916, 1, 2490368, 536870916, 1, 2490369, 536870916, 1, 2490370, 536870916, 1, 2490371, 536870916, 1, 2490372, 536870916, 1, 2490373, 536870916, 1, 2490374, 536870916, 1, 2490375, 536870916, 1, 2490376, 536870916, 1, 2490377, 536870916, 1, 2490378, 536870916, 1, 2490379, 536870916, 1, 2490380, 536870916, 1, 2490381, 536870916, 1, 2490382, 536870916, 1, 2490383, 536870916, 1, 2490384, 536870916, 1, 2490385, 536870916, 1, 2490386, 536870916, 1, 2555904, 536870916, 1, 2555905, 536870916, 1, 2555906, 536870916, 1, 2555907, 536870916, 1, 2555908, 536870916, 1, 2555909, 536870916, 1, 2555910, 536870916, 1, 2555911, 536870916, 1, 2555912, 536870916, 1, 2555913, 536870916, 1, 2555914, 536870916, 1, 2555915, 536870916, 1, 2555916, 536870916, 1, 2555917, 536870916, 1, 2555918, 536870916, 1, 2555919, 536870916, 1, 2555920, 536870916, 1, 2555921, 536870916, 1, 2555922, 536870916, 1, 2621440, 536870916, 1, 2621441, 536870916, 1, 2621442, 536870916, 1, 2621443, 536870916, 1, 2621444, 536870916, 1, 2621445, 536870916, 1, 2621446, 536870916, 1, 2621447, 536870916, 1, 2621448, 536870916, 1, 2621449, 536870916, 1, 2621450, 536870916, 1, 2621451, 536870916, 1, 2621452, 536870916, 1, 2621453, 536870916, 1, 2621454, 536870916, 1, 2621455, 536870916, 1, 2621456, 536870916, 1, 2621457, 536870916, 1, 2621458, 536870916, 1, 2686976, 536870916, 1, 2686977, 536870916, 1, 2686978, 536870916, 1, 2686979, 536870916, 1, 2686980, 536870916, 1, 2686981, 536870916, 1, 2686982, 536870916, 1, 2686983, 536870916, 1, 2686984, 536870916, 1, 2686985, 536870916, 1, 2686986, 536870916, 1, 2686987, 536870916, 1, 2686988, 536870916, 1, 2686989, 536870916, 1, 2686990, 536870916, 1, 2686991, 536870916, 1, 2686992, 536870916, 1, 2686993, 536870916, 1, 2686994, 536870916, 1, 2752512, 536870916, 1, 2752513, 536870916, 1, 2752514, 536870916, 1, 2752515, 536870916, 1, 2752516, 536870916, 1, 2752517, 536870916, 1, 2752518, 536870916, 1, 2752519, 536870916, 1, 2752520, 536870916, 1, 2752521, 536870916, 1, 2752522, 536870916, 1, 2752523, 536870916, 1, 2752524, 536870916, 1, 2752525, 536870916, 1, 2752526, 536870916, 1, 2752527, 536870916, 1, 2752528, 536870916, 1, 2752529, 536870916, 1, 2752530, 536870916, 1, 2818048, 536870916, 1, 2818049, 536870916, 1, 2818050, 536870916, 1, 2818051, 536870916, 1, 2818052, 536870916, 1, 2818053, 536870916, 1, 2818054, 536870916, 1, 2818055, 536870916, 1, 2818056, 536870916, 1, 2818057, 536870916, 1, 2818058, 536870916, 1, 2818059, 536870916, 1, 2818060, 536870916, 1, 2818061, 536870916, 1, 2818062, 536870916, 1, 2818063, 536870916, 1, 2818064, 536870916, 1, 2818065, 536870916, 1, 2818066, 536870916, 1, 2883584, 536870916, 1, 2883585, 536870916, 1, 2883586, 536870916, 1, 2883587, 536870916, 1, 2883588, 536870916, 1, 2883589, 536870916, 1, 2883590, 536870916, 1, 2883591, 536870916, 1, 2883592, 536870916, 1, 2883593, 536870916, 1, 2883594, 536870916, 1, 2883595, 536870916, 1, 2883596, 536870916, 1, 2883597, 536870916, 1, 2883598, 536870916, 1, 2883599, 536870916, 1, 2883600, 536870916, 1, 2883601, 536870916, 1, 2883602, 536870916, 1, 2949120, 536870916, 1, 2949121, 536870916, 1, 2949122, 536870916, 1, 2949123, 536870916, 1, 2949124, 536870916, 1, 2949125, 536870916, 1, 2949126, 536870916, 1, 2949127, 536870916, 1, 2949128, 536870916, 1, 2949129, 536870916, 1, 2949130, 536870916, 1, 2949131, 536870916, 1, 2949132, 536870916, 1, 2949133, 536870916, 1, 2949134, 536870916, 1, 2949135, 536870916, 1, 2949136, 536870916, 1, 2949137, 536870916, 1, 2949138, 536870916, 1, 3014656, 536870916, 1, 3014657, 536870916, 1, 3014658, 536870916, 1, 3014659, 536870916, 1, 3014660, 536870916, 1, 3014661, 536870916, 1, 3014662, 536870916, 1, 3014663, 536870916, 1, 3014664, 536870916, 1, 3014665, 536870916, 1, 3014666, 536870916, 1, 3014667, 536870916, 1, 3014668, 536870916, 1, 3014669, 536870916, 1, 3014670, 536870916, 1, 3014671, 536870916, 1, 3014672, 536870916, 1, 3014673, 536870916, 1, 3014674, 536870916, 1, 3080192, 536870916, 1, 3080193, 536870916, 1, 3080194, 536870916, 1, 3080195, 536870916, 1, 3080196, 536870916, 1, 3080197, 536870916, 1, 3080198, 536870916, 1, 3080199, 536870916, 1, 3080200, 536870916, 1, 3080201, 536870916, 1, 3080202, 536870916, 1, 3080203, 536870916, 1, 3080204, 536870916, 1, 3080205, 536870916, 1, 3080206, 536870916, 1, 3080207, 536870916, 1, 3080208, 536870916, 1, 3080209, 536870916, 1, 3080210, 536870916, 1, 3145728, 536870916, 1, 3145729, 536870916, 1, 3145730, 536870916, 1, 3145731, 536870916, 1, 3145732, 536870916, 1, 3145733, 536870916, 1, 3145734, 536870916, 1, 3145735, 536870916, 1, 3145736, 536870916, 1, 3145737, 536870916, 1, 3145738, 536870916, 1, 3145739, 536870916, 1, 3145740, 536870916, 1, 3145741, 536870916, 1, 3145742, 536870916, 1, 3145743, 536870916, 1, 3145744, 536870916, 1, 3145745, 536870916, 1, 3145746, 536870916, 1, 3211264, 536870916, 1, 3211265, 536870916, 1, 3211266, 536870916, 1, 3211267, 536870916, 1, 3211268, 536870916, 1, 3211269, 536870916, 1, 3211270, 536870916, 1, 3211271, 536870916, 1, 3211272, 536870916, 1, 3211273, 536870916, 1, 3211274, 536870916, 1, 3211275, 536870916, 1, 3211276, 536870916, 1, 3211277, 536870916, 1, 3211278, 536870916, 1, 3211279, 536870916, 1, 3211280, 536870916, 1, 3211281, 536870916, 1, 3211282, 536870916, 1, 3276800, 536870916, 1, 3276801, 536870916, 1, 3276802, 536870916, 1, 3276803, 536870916, 1, 3276804, 536870916, 1, 3276805, 536870916, 1, 3276806, 536870916, 1, 3276807, 536870916, 1, 3276808, 536870916, 1, 3276809, 536870916, 1, 3276810, 536870916, 1, 3276811, 536870916, 1, 3276812, 536870916, 1, 3276813, 536870916, 1, 3276814, 536870916, 1, 3276815, 536870916, 1, 3276816, 536870916, 1, 3276817, 536870916, 1, 3276818, 536870916, 1, 3342336, 536870916, 1, 3342337, 536870916, 1, 3342338, 536870916, 1, 3342339, 536870916, 1, 3342340, 536870916, 1, 3342341, 536870916, 1, 3342342, 536870916, 1, 3342343, 536870916, 1, 3342344, 536870916, 1, 3342345, 536870916, 1, 3342346, 536870916, 1, 3342347, 536870916, 1, 3342348, 536870916, 1, 3342349, 536870916, 1, 3342350, 536870916, 1, 3342351, 536870916, 1, 3342352, 536870916, 1, 3342353, 536870916, 1, 3342354, 536870916, 1, 3407872, 536870916, 1, 3407873, 536870916, 1, 3407874, 536870916, 1, 3407875, 536870916, 1, 3407876, 536870916, 1, 3407877, 536870916, 1, 3407878, 536870916, 1, 3407879, 536870916, 1, 3407880, 536870916, 1, 3407881, 536870916, 1, 3407882, 536870916, 1, 3407883, 536870916, 1, 3407884, 536870916, 1, 3407885, 536870916, 1, 3407886, 536870916, 1, 3407887, 536870916, 1, 3407888, 536870916, 1, 3407889, 536870916, 1, 3407890, 536870916, 1, 3473408, 536870916, 1, 3473409, 536870916, 1, 3473410, 536870916, 1, 3473411, 536870916, 1, 3473412, 536870916, 1, 3473413, 536870916, 1, 3473414, 536870916, 1, 3473415, 536870916, 1, 3473416, 536870916, 1, 3473417, 536870916, 1, 3473418, 536870916, 1, 3473419, 536870916, 1, 3473420, 536870916, 1, 3473421, 536870916, 1, 3473422, 536870916, 1, 3473423, 536870916, 1, 3473424, 536870916, 1, 3473425, 536870916, 1, 3473426, 536870916, 1, 3538944, 536870916, 1, 3538945, 536870916, 1, 3538946, 536870916, 1, 3538947, 536870916, 1, 3538948, 536870916, 1, 3538949, 536870916, 1, 3538950, 536870916, 1, 3538951, 536870916, 1, 3538952, 536870916, 1, 3538953, 536870916, 1, 3538954, 536870916, 1, 3538955, 536870916, 1, 3538956, 536870916, 1, 3538957, 536870916, 1, 3538958, 536870916, 1, 3538959, 536870916, 1, 3538960, 536870916, 1, 3538961, 536870916, 1, 3538962, 536870916, 1, 3604480, 536870916, 1, 3604481, 536870916, 1, 3604482, 536870916, 1, 3604483, 536870916, 1, 3604484, 536870916, 1, 3604485, 536870916, 1, 3604486, 536870916, 1, 3604487, 536870916, 1, 3604488, 536870916, 1, 3604489, 536870916, 1, 3604490, 536870916, 1, 3604491, 536870916, 1, 3604492, 536870916, 1, 3604493, 536870916, 1, 3604494, 536870916, 1, 3604495, 536870916, 1, 3604496, 536870916, 1, 3604497, 536870916, 1, 3604498, 536870916, 1, 3670016, 536870916, 1, 3670017, 536870916, 1, 3670018, 536870916, 1, 3670019, 536870916, 1, 3670020, 536870916, 1, 3670021, 536870916, 1, 3670022, 536870916, 1, 3670023, 536870916, 1, 3670024, 536870916, 1, 3670025, 536870916, 1, 3670026, 536870916, 1, 3670027, 536870916, 1, 3670028, 536870916, 1, 3670029, 536870916, 1, 3670030, 536870916, 1, 3670031, 536870916, 1, 3670032, 536870916, 1, 3670033, 536870916, 1, 3670034, 536870916, 1, 3670035, 536870916, 1, 3670036, 536870916, 1, 3670037, 536870916, 1, 3670038, 536870916, 1, 3670039, 536870916, 1, 3670040, 536870916, 1, 3670041, 536870916, 1, 3670042, 536870916, 1, 3670043, 536870916, 1, 3670044, 536870916, 1, 3670045, 536870916, 1, 3670046, 536870916, 1, 3670047, 536870916, 1, 3670048, 536870916, 1, 3670049, 536870916, 1, 3670050, 536870916, 1, 3670051, 536870916, 1, 3670052, 536870916, 1, 3670053, 536870916, 1, 3670054, 536870916, 1, 3670055, 536870916, 1, 3670056, 536870916, 1, 3670057, 536870916, 1, 3670058, 536870916, 1, 3670059, 536870916, 1, 3670060, 536870916, 1, 3670061, 536870916, 1, 3670062, 536870916, 1, 3670063, 536870916, 1, 3670064, 536870916, 1, 3670065, 536870916, 1, 3670066, 536870916, 1, 3670067, 536870916, 1, 3670068, 536870916, 1, 3670069, 536870916, 1, 3670070, 536870916, 1, 3670071, 536870916, 1, 3670072, 536870916, 1, 3670073, 536870916, 1, 3670074, 536870916, 1, 3670075, 536870916, 1, 3670076, 536870916, 1, 3670077, 536870916, 1, 3670078, 536870916, 1, 3670079, 536870916, 1, 3670080, 536870916, 1, 3670081, 536870916, 1, 3670082, 536870916, 1, 3670083, 536870916, 1, 3670084, 536870916, 1, 3670085, 536870916, 1, 3670086, 536870916, 1, 3670087, 536870916, 1, 3670088, 536870916, 1, 3670089, 536870916, 1, 3670090, 536870916, 1, 3670091, 536870916, 1, 3670092, 536870916, 1, 3670093, 536870916, 1, 3670094, 536870916, 1, 3670095, 536870916, 1, 3670096, 536870916, 1, 3670097, 536870916, 1, 3670098, 536870916, 1, 3670099, 536870916, 1, 3670100, 536870916, 1, 3670101, 536870916, 1, 3670102, 536870916, 1, 3670103, 536870916, 1, 3670104, 536870916, 1, 3670105, 536870916, 1, 3670106, 536870916, 1, 3670107, 536870916, 1, 3670108, 536870916, 1, 3670109, 536870916, 1, 3670110, 536870916, 1, 3670111, 536870916, 1, 3670112, 536870916, 1, 3670113, 536870916, 1, 3670114, 536870916, 1, 3670115, 536870916, 1, 3670116, 536870916, 1, 3670117, 536870916, 1, 3670118, 536870916, 1, 3670119, 536870916, 1, 3670120, 536870916, 1, 3670121, 536870916, 1, 3670122, 536870916, 1, 3670123, 536870916, 1, 3670124, 536870916, 1, 3670125, 536870916, 1, 3670126, 536870916, 1, 3670127, 536870916, 1, 3670128, 536870916, 1, 3670129, 536870916, 1, 3670130, 536870916, 1, 3670131, 536870916, 1, 3670132, 536870916, 1, 3670133, 536870916, 1, 3670134, 536870916, 1, 3670135, 536870916, 1, 3670136, 536870916, 1, 3670137, 536870916, 1, 3670138, 536870916, 1, 3670139, 536870916, 1, 3670140, 536870916, 1, 3670141, 536870916, 1, 3670142, 536870916, 1, 3670143, 536870916, 1, 3670144, 536870916, 1, 3670145, 536870916, 1, 3670146, 536870916, 1, 3670147, 536870916, 1, 3670148, 536870916, 1, 3670149, 536870916, 1, 3670150, 536870916, 1, 3670151, 536870916, 1, 3670152, 536870916, 1, 3670153, 536870916, 1, 3735552, 536870916, 1, 3735553, 536870916, 1, 3735554, 536870916, 1, 3735555, 536870916, 1, 3735556, 536870916, 1, 3735557, 536870916, 1, 3735558, 536870916, 1, 3735559, 536870916, 1, 3735560, 536870916, 1, 3735561, 536870916, 1, 3735562, 536870916, 1, 3735563, 536870916, 1, 3735564, 536870916, 1, 3735565, 536870916, 1, 3735566, 536870916, 1, 3735567, 536870916, 1, 3735568, 536870916, 1, 3735569, 536870916, 1, 3735570, 536870916, 1, 3735571, 536870916, 1, 3735572, 536870916, 1, 3735573, 536870916, 1, 3735574, 536870916, 1, 3735575, 536870916, 1, 3735576, 536870916, 1, 3735577, 536870916, 1, 3735578, 536870916, 1, 3735579, 536870916, 1, 3735580, 536870916, 1, 3735581, 536870916, 1, 3735582, 536870916, 1, 3735583, 536870916, 1, 3735584, 536870916, 1, 3735585, 536870916, 1, 3735586, 536870916, 1, 3735587, 536870916, 1, 3735588, 536870916, 1, 3735589, 536870916, 1, 3735590, 536870916, 1, 3735591, 536870916, 1, 3735592, 536870916, 1, 3735593, 536870916, 1, 3735594, 536870916, 1, 3735595, 536870916, 1, 3735596, 536870916, 1, 3735597, 536870916, 1, 3735598, 536870916, 1, 3735599, 536870916, 1, 3735600, 536870916, 1, 3735601, 536870916, 1, 3735602, 536870916, 1, 3735603, 536870916, 1, 3735604, 536870916, 1, 3735605, 536870916, 1, 3735606, 536870916, 1, 3735607, 536870916, 1, 3735608, 536870916, 1, 3735609, 536870916, 1, 3735610, 536870916, 1, 3735611, 536870916, 1, 3735612, 536870916, 1, 3735613, 536870916, 1, 3735614, 536870916, 1, 3735615, 536870916, 1, 3735616, 536870916, 1, 3735617, 536870916, 1, 3735618, 536870916, 1, 3735619, 536870916, 1, 3735620, 536870916, 1, 3735621, 536870916, 1, 3735622, 536870916, 1, 3735623, 536870916, 1, 3735624, 536870916, 1, 3735625, 536870916, 1, 3735626, 536870916, 1, 3735627, 536870916, 1, 3735628, 536870916, 1, 3735629, 536870916, 1, 3735630, 536870916, 1, 3735631, 536870916, 1, 3735632, 536870916, 1, 3735633, 536870916, 1, 3735634, 536870916, 1, 3735635, 536870916, 1, 3735636, 536870916, 1, 3735637, 536870916, 1, 3735638, 536870916, 1, 3735639, 536870916, 1, 3735640, 536870916, 1, 3735641, 536870916, 1, 3735642, 536870916, 1, 3735643, 536870916, 1, 3735644, 536870916, 1, 3735645, 536870916, 1, 3735646, 536870916, 1, 3735647, 536870916, 1, 3735648, 536870916, 1, 3735649, 536870916, 1, 3735650, 536870916, 1, 3735651, 536870916, 1, 3735652, 536870916, 1, 3735653, 536870916, 1, 3735654, 536870916, 1, 3735655, 536870916, 1, 3735656, 536870916, 1, 3735657, 536870916, 1, 3735658, 536870916, 1, 3735659, 536870916, 1, 3735660, 536870916, 1, 3735661, 536870916, 1, 3735662, 536870916, 1, 3735663, 536870916, 1, 3735664, 536870916, 1, 3735665, 536870916, 1, 3735666, 536870916, 1, 3735667, 536870916, 1, 3735668, 536870916, 1, 3735669, 536870916, 1, 3735670, 536870916, 1, 3735671, 536870916, 1, 3735672, 536870916, 1, 3735673, 536870916, 1, 3735674, 536870916, 1, 3735675, 536870916, 1, 3735676, 536870916, 1, 3735677, 536870916, 1, 3735678, 536870916, 1, 3735679, 536870916, 1, 3735680, 536870916, 1, 3735681, 536870916, 1, 3735682, 536870916, 1, 3735683, 536870916, 1, 3735684, 536870916, 1, 3735685, 536870916, 1, 3735686, 536870916, 1, 3735687, 536870916, 1, 3735688, 536870916, 1, 3735689, 536870916, 1, 3801088, 536870916, 1, 3801089, 536870916, 1, 3801090, 536870916, 1, 3801091, 536870916, 1, 3801092, 536870916, 1, 3801093, 536870916, 1, 3801094, 536870916, 1, 3801095, 536870916, 1, 3801096, 536870916, 1, 3801097, 536870916, 1, 3801098, 536870916, 1, 3801099, 536870916, 1, 3801100, 536870916, 1, 3801101, 536870916, 1, 3801102, 536870916, 1, 3801103, 536870916, 1, 3801104, 536870916, 1, 3801105, 536870916, 1, 3801106, 536870916, 1, 3801107, 536870916, 1, 3801108, 536870916, 1, 3801109, 536870916, 1, 3801110, 536870916, 1, 3801111, 536870916, 1, 3801112, 536870916, 1, 3801113, 536870916, 1, 3801114, 536870916, 1, 3801115, 536870916, 1, 3801116, 536870916, 1, 3801117, 536870916, 1, 3801118, 536870916, 1, 3801119, 536870916, 1, 3801120, 536870916, 1, 3801121, 536870916, 1, 3801122, 536870916, 1, 3801123, 536870916, 1, 3801124, 536870916, 1, 3801125, 536870916, 1, 3801126, 536870916, 1, 3801127, 536870916, 1, 3801128, 536870916, 1, 3801129, 536870916, 1, 3801130, 536870916, 1, 3801131, 536870916, 1, 3801132, 536870916, 1, 3801133, 536870916, 1, 3801134, 536870916, 1, 3801135, 536870916, 1, 3801136, 536870916, 1, 3801137, 536870916, 1, 3801138, 536870916, 1, 3801139, 536870916, 1, 3801140, 536870916, 1, 3801141, 536870916, 1, 3801142, 536870916, 1, 3801143, 536870916, 1, 3801144, 536870916, 1, 3801145, 536870916, 1, 3801146, 536870916, 1, 3801147, 536870916, 1, 3801148, 536870916, 1, 3801149, 536870916, 1, 3801150, 536870916, 1, 3801151, 536870916, 1, 3801152, 536870916, 1, 3801153, 536870916, 1, 3801154, 536870916, 1, 3801155, 536870916, 1, 3801156, 536870916, 1, 3801157, 536870916, 1, 3801158, 536870916, 1, 3801159, 536870916, 1, 3801160, 536870916, 1, 3801161, 536870916, 1, 3801162, 536870916, 1, 3801163, 536870916, 1, 3801164, 536870916, 1, 3801165, 536870916, 1, 3801166, 536870916, 1, 3801167, 536870916, 1, 3801168, 536870916, 1, 3801169, 536870916, 1, 3801170, 536870916, 1, 3801171, 536870916, 1, 3801172, 536870916, 1, 3801173, 536870916, 1, 3801174, 536870916, 1, 3801175, 536870916, 1, 3801176, 536870916, 1, 3801177, 536870916, 1, 3801178, 536870916, 1, 3801179, 536870916, 1, 3801180, 536870916, 1, 3801181, 536870916, 1, 3801182, 536870916, 1, 3801183, 536870916, 1, 3801184, 536870916, 1, 3801185, 536870916, 1, 3801186, 536870916, 1, 3801187, 536870916, 1, 3801188, 536870916, 1, 3801189, 536870916, 1, 3801190, 536870916, 1, 3801191, 536870916, 1, 3801192, 536870916, 1, 3801193, 536870916, 1, 3801194, 536870916, 1, 3801195, 536870916, 1, 3801196, 536870916, 1, 3801197, 536870916, 1, 3801198, 536870916, 1, 3801199, 536870916, 1, 3801200, 536870916, 1, 3801201, 536870916, 1, 3801202, 536870916, 1, 3801203, 536870916, 1, 3801204, 536870916, 1, 3801205, 536870916, 1, 3801206, 536870916, 1, 3801207, 536870916, 1, 3801208, 536870916, 1, 3801209, 536870916, 1, 3801210, 536870916, 1, 3801211, 536870916, 1, 3801212, 536870916, 1, 3801213, 536870916, 1, 3801214, 536870916, 1, 3801215, 536870916, 1, 3801216, 536870916, 1, 3801217, 536870916, 1, 3801218, 536870916, 1, 3801219, 536870916, 1, 3801220, 536870916, 1, 3801221, 536870916, 1, 3801222, 536870916, 1, 3801223, 536870916, 1, 3801224, 536870916, 1, 3801225, 536870916, 1, 3866624, 536870916, 1, 3866625, 536870916, 1, 3866626, 536870916, 1, 3866627, 536870916, 1, 3866628, 536870916, 1, 3866629, 536870916, 1, 3866630, 536870916, 1, 3866631, 536870916, 1, 3866632, 536870916, 1, 3866633, 536870916, 1, 3866634, 536870916, 1, 3866635, 536870916, 1, 3866636, 536870916, 1, 3866637, 536870916, 1, 3866638, 536870916, 1, 3866639, 536870916, 1, 3866640, 536870916, 1, 3866641, 536870916, 1, 3866642, 536870916, 1, 3866643, 536870916, 1, 3866644, 536870916, 1, 3866645, 536870916, 1, 3866646, 536870916, 1, 3866647, 536870916, 1, 3866648, 536870916, 1, 3866649, 536870916, 1, 3866650, 536870916, 1, 3866651, 536870916, 1, 3866652, 536870916, 1, 3866653, 536870916, 1, 3866654, 536870916, 1, 3866655, 536870916, 1, 3866656, 536870916, 1, 3866657, 536870916, 1, 3866658, 536870916, 1, 3866659, 536870916, 1, 3866660, 536870916, 1, 3866661, 536870916, 1, 3866662, 536870916, 1, 3866663, 536870916, 1, 3866664, 536870916, 1, 3866665, 536870916, 1, 3866666, 536870916, 1, 3866667, 536870916, 1, 3866668, 536870916, 1, 3866669, 536870916, 1, 3866670, 536870916, 1, 3866671, 536870916, 1, 3866672, 536870916, 1, 3866673, 536870916, 1, 3866674, 536870916, 1, 3866675, 536870916, 1, 3866676, 536870916, 1, 3866677, 536870916, 1, 3866678, 536870916, 1, 3866679, 536870916, 1, 3866680, 536870916, 1, 3866681, 536870916, 1, 3866682, 536870916, 1, 3866683, 536870916, 1, 3866684, 536870916, 1, 3866685, 536870916, 1, 3866686, 536870916, 1, 3866687, 536870916, 1, 3866688, 536870916, 1, 3866689, 536870916, 1, 3866690, 536870916, 1, 3866691, 536870916, 1, 3866692, 536870916, 1, 3866693, 536870916, 1, 3866694, 536870916, 1, 3866695, 536870916, 1, 3866696, 536870916, 1, 3866697, 536870916, 1, 3866698, 536870916, 1, 3866699, 536870916, 1, 3866700, 536870916, 1, 3866701, 536870916, 1, 3866702, 536870916, 1, 3866703, 536870916, 1, 3866704, 536870916, 1, 3866705, 536870916, 1, 3866706, 536870916, 1, 3866707, 536870916, 1, 3866708, 536870916, 1, 3866709, 536870916, 1, 3866710, 536870916, 1, 3866711, 536870916, 1, 3866712, 536870916, 1, 3866713, 536870916, 1, 3866714, 536870916, 1, 3866715, 536870916, 1, 3866716, 536870916, 1, 3866717, 536870916, 1, 3866718, 536870916, 1, 3866719, 536870916, 1, 3866720, 536870916, 1, 3866721, 536870916, 1, 3866722, 536870916, 1, 3866723, 536870916, 1, 3866724, 536870916, 1, 3866725, 536870916, 1, 3866726, 536870916, 1, 3866727, 536870916, 1, 3866728, 536870916, 1, 3866729, 536870916, 1, 3866730, 536870916, 1, 3866731, 536870916, 1, 3866732, 536870916, 1, 3866733, 536870916, 1, 3866734, 536870916, 1, 3866735, 536870916, 1, 3866736, 536870916, 1, 3866737, 536870916, 1, 3866738, 536870916, 1, 3866739, 536870916, 1, 3866740, 536870916, 1, 3866741, 536870916, 1, 3866742, 536870916, 1, 3866743, 536870916, 1, 3866744, 536870916, 1, 3866745, 536870916, 1, 3866746, 536870916, 1, 3866747, 536870916, 1, 3866748, 536870916, 1, 3866749, 536870916, 1, 3866750, 536870916, 1, 3866751, 536870916, 1, 3866752, 536870916, 1, 3866753, 536870916, 1, 3866754, 536870916, 1, 3866755, 536870916, 1, 3866756, 536870916, 1, 3866757, 536870916, 1, 3866758, 536870916, 1, 3866759, 536870916, 1, 3866760, 536870916, 1, 3866761, 536870916, 1, 3932160, 536870916, 1, 3932161, 536870916, 1, 3932162, 536870916, 1, 3932163, 536870916, 1, 3932164, 536870916, 1, 3932165, 536870916, 1, 3932166, 536870916, 1, 3932167, 536870916, 1, 3932168, 536870916, 1, 3932169, 536870916, 1, 3932170, 536870916, 1, 3932171, 536870916, 1, 3932172, 536870916, 1, 3932173, 536870916, 1, 3932174, 536870916, 1, 3932175, 536870916, 1, 3932176, 536870916, 1, 3932177, 536870916, 1, 3932178, 536870916, 1, 3932179, 536870916, 1, 3932180, 536870916, 1, 3932181, 536870916, 1, 3932182, 536870916, 1, 3932183, 536870916, 1, 3932184, 536870916, 1, 3932185, 536870916, 1, 3932186, 536870916, 1, 3932187, 536870916, 1, 3932188, 536870916, 1, 3932189, 536870916, 1, 3932190, 536870916, 1, 3932191, 536870916, 1, 3932192, 536870916, 1, 3932193, 536870916, 1, 3932194, 536870916, 1, 3932195, 536870916, 1, 3932196, 536870916, 1, 3932197, 536870916, 1, 3932198, 536870916, 1, 3932199, 536870916, 1, 3932200, 536870916, 1, 3932201, 536870916, 1, 3932202, 536870916, 1, 3932203, 536870916, 1, 3932204, 536870916, 1, 3932205, 536870916, 1, 3932206, 536870916, 1, 3932207, 536870916, 1, 3932208, 536870916, 1, 3932209, 536870916, 1, 3932210, 536870916, 1, 3932211, 536870916, 1, 3932212, 536870916, 1, 3932213, 536870916, 1, 3932214, 536870916, 1, 3932215, 536870916, 1, 3932216, 536870916, 1, 3932217, 536870916, 1, 3932218, 536870916, 1, 3932219, 536870916, 1, 3932220, 536870916, 1, 3932221, 536870916, 1, 3932222, 536870916, 1, 3932223, 536870916, 1, 3932224, 536870916, 1, 3932225, 536870916, 1, 3932226, 536870916, 1, 3932227, 536870916, 1, 3932228, 536870916, 1, 3932229, 536870916, 1, 3932230, 536870916, 1, 3932231, 536870916, 1, 3932232, 536870916, 1, 3932233, 536870916, 1, 3932234, 536870916, 1, 3932235, 536870916, 1, 3932236, 536870916, 1, 3932237, 536870916, 1, 3932238, 536870916, 1, 3932239, 536870916, 1, 3932240, 536870916, 1, 3932241, 536870916, 1, 3932242, 536870916, 1, 3932243, 536870916, 1, 3932244, 536870916, 1, 3932245, 536870916, 1, 3932246, 536870916, 1, 3932247, 536870916, 1, 3932248, 536870916, 1, 3932249, 536870916, 1, 3932250, 536870916, 1, 3932251, 536870916, 1, 3932252, 536870916, 1, 3932253, 536870916, 1, 3932254, 536870916, 1, 3932255, 536870916, 1, 3932256, 536870916, 1, 3932257, 536870916, 1, 3932258, 536870916, 1, 3932259, 536870916, 1, 3932260, 536870916, 1, 3932261, 536870916, 1, 3932262, 536870916, 1, 3932263, 536870916, 1, 3932264, 536870916, 1, 3932265, 536870916, 1, 3932266, 536870916, 1, 3932267, 536870916, 1, 3932268, 536870916, 1, 3932269, 536870916, 1, 3932270, 536870916, 1, 3932271, 536870916, 1, 3932272, 536870916, 1, 3932273, 536870916, 1, 3932274, 536870916, 1, 3932275, 536870916, 1, 3932276, 536870916, 1, 3932277, 536870916, 1, 3932278, 536870916, 1, 3932279, 536870916, 1, 3932280, 536870916, 1, 3932281, 536870916, 1, 3932282, 536870916, 1, 3932283, 536870916, 1, 3932284, 536870916, 1, 3932285, 536870916, 1, 3932286, 536870916, 1, 3932287, 536870916, 1, 3932288, 536870916, 1, 3932289, 536870916, 1, 3932290, 536870916, 1, 3932291, 536870916, 1, 3932292, 536870916, 1, 3932293, 536870916, 1, 3932294, 536870916, 1, 3932295, 536870916, 1, 3932296, 536870916, 1, 3932297, 536870916, 1 )

[node name="ColorRect" type="ColorRect" parent="." index="6"]
margin_left = 240.0
margin_top = 816.0
margin_right = 304.0
margin_bottom = 896.0
color = Color( 0, 0, 0, 1 )

[node name="StaticBody2D" type="StaticBody2D" parent="." index="7"]

[node name="CollisionPolygon2D" type="CollisionPolygon2D" parent="StaticBody2D" index="0"]
polygon = PoolVector2Array( 0, 192, -16, 192, -16, -192, 0, -192 )
